T/J Real part of <m> <|m|^2> <|m|^4>
0.000000e+00 9.336004e-01 8.760195e-01 7.750980e-01 1.010018e+00
1.001001e+00 9.336754e-01 8.722780e-01 7.617644e-01 1.001177e+00
2.002002e+00 9.344898e-01 8.736322e-01 7.638556e-01 1.000815e+00
3.003003e+00 9.392330e-01 8.824995e-01 7.793675e-01 1.000722e+00
4.004004e+00 9.396150e-01 8.832009e-01 7.806147e-01 1.000732e+00
5.005005e+00 9.397902e-01 8.835095e-01 7.811068e-01 1.000663e+00
6.006006e+00 9.389564e-01 8.819341e-01 7.783088e-01 1.000644e+00
7.007007e+00 9.404928e-01 8.848105e-01 7.833733e-01 1.000618e+00
8.008008e+00 9.333232e-01 8.713720e-01 7.598086e-01 1.000684e+00
9.009009e+00 9.400820e-01 8.840585e-01 7.820697e-01 1.000653e+00
1.001001e+01 9.339678e-01 8.725720e-01 7.618632e-01 1.000632e+00
1.101101e+01 9.391205e-01 8.822485e-01 7.788442e-01 1.000619e+00
1.201201e+01 9.336514e-01 8.719782e-01 7.608018e-01 1.000599e+00
1.301301e+01 9.390461e-01 8.820946e-01 7.785727e-01 1.000619e+00
1.401401e+01 9.399930e-01 8.838787e-01 7.817182e-01 1.000610e+00
1.501502e+01 9.391141e-01 8.822196e-01 7.787866e-01 1.000611e+00
1.601602e+01 9.392359e-01 8.824508e-01 7.791867e-01 1.000600e+00
1.701702e+01 9.386184e-01 8.812721e-01 7.771045e-01 1.000597e+00
1.801802e+01 9.323852e-01 8.696187e-01 7.567132e-01 1.000630e+00
1.901902e+01 9.332951e-01 8.713027e-01 7.596186e-01 1.000593e+00
2.002002e+01 9.383682e-01 8.808079e-01 7.762810e-01 1.000591e+00
2.102102e+01 9.396742e-01 8.832811e-01 7.806767e-01 1.000630e+00
2.202202e+01 9.381273e-01 8.803736e-01 7.754865e-01 1.000553e+00
2.302302e+01 9.382457e-01 8.805872e-01 7.759055e-01 1.000608e+00
2.402402e+01 9.331973e-01 8.711163e-01 7.592855e-01 1.000582e+00
2.502503e+01 9.318865e-01 8.686726e-01 7.550316e-01 1.000582e+00
2.602603e+01 9.393438e-01 8.826312e-01 7.794886e-01 1.000579e+00
2.702703e+01 9.408080e-01 8.853983e-01 7.843996e-01 1.000599e+00
2.802803e+01 9.388352e-01 8.816928e-01 7.778427e-01 1.000592e+00
2.902903e+01 9.402326e-01 8.843208e-01 7.825016e-01 1.000612e+00
3.003003e+01 9.329242e-01 8.706184e-01 7.584357e-01 1.000606e+00
3.103103e+01 9.406996e-01 8.851916e-01 7.840376e-01 1.000604e+00
3.203203e+01 9.348309e-01 8.741826e-01 7.646863e-01 1.000643e+00
3.303303e+01 9.329295e-01 8.706086e-01 7.583621e-01 1.000531e+00
3.403403e+01 9.404301e-01 8.847039e-01 7.831915e-01 1.000627e+00
3.503504e+01 9.331639e-01 8.710433e-01 7.591432e-01 1.000562e+00
3.603604e+01 9.381004e-01 8.802910e-01 7.753362e-01 1.000547e+00
3.703704e+01 9.331211e-01 8.709977e-01 7.591174e-01 1.000633e+00
3.803804e+01 9.407201e-01 8.852223e-01 7.840936e-01 1.000606e+00
3.903904e+01 9.399221e-01 8.837196e-01 7.814172e-01 1.000585e+00
4.004004e+01 9.393232e-01 8.826070e-01 7.794676e-01 1.000606e+00
4.104104e+01 9.357953e-01 8.759797e-01 7.678146e-01 1.000618e+00
4.204204e+01 9.378871e-01 8.798983e-01 7.746481e-01 1.000552e+00
4.304304e+01 9.396402e-01 8.832108e-01 7.805436e-01 1.000618e+00
4.404404e+01 9.399742e-01 8.838258e-01 7.816169e-01 1.000600e+00
4.504505e+01 9.330361e-01 8.708289e-01 7.588225e-01 1.000632e+00
4.604605e+01 9.378648e-01 8.798648e-01 7.746147e-01 1.000585e+00
4.704705e+01 9.391832e-01 8.823623e-01 7.790736e-01 1.000656e+00
4.804805e+01 9.343879e-01 8.733210e-01 7.630929e-01 1.000529e+00
4.904905e+01 9.406082e-01 8.850093e-01 7.837036e-01 1.000590e+00
5.005005e+01 9.404787e-01 8.847631e-01 7.832461e-01 1.000563e+00
5.105105e+01 9.392412e-01 8.824445e-01 7.791756e-01 1.000600e+00
5.205205e+01 9.423086e-01 8.882067e-01 7.893673e-01 1.000578e+00
5.305305e+01 9.312479e-01 8.674777e-01 7.529240e-01 1.000540e+00
5.405405e+01 9.391832e-01 8.823469e-01 7.790050e-01 1.000602e+00
5.505506e+01 9.390514e-01 8.820997e-01 7.785712e-01 1.000606e+00
5.605606e+01 9.398658e-01 8.836273e-01 7.812449e-01 1.000573e+00
5.705706e+01 9.330238e-01 8.707938e-01 7.587162e-01 1.000573e+00
5.805806e+01 9.415076e-01 8.867252e-01 7.867462e-01 1.000591e+00
5.905906e+01 9.364773e-01 8.772502e-01 7.700423e-01 1.000617e+00
6.006006e+01 9.352018e-01 8.748710e-01 7.658832e-01 1.000632e+00
6.106106e+01 9.332963e-01 8.712991e-01 7.595982e-01 1.000574e+00
6.206206e+01 9.336754e-01 8.720183e-01 7.608974e-01 1.000633e+00
6.306306e+01 9.366795e-01 8.776237e-01 7.707022e-01 1.000622e+00
6.406406e+01 9.350084e-01 8.745016e-01 7.652156e-01 1.000605e+00
6.506507e+01 9.367486e-01 8.777799e-01 7.709127e-01 1.000539e+00
6.606607e+01 9.402602e-01 8.843734e-01 7.825795e-01 1.000592e+00
6.706707e+01 9.381771e-01 8.804566e-01 7.756392e-01 1.000562e+00
6.806807e+01 9.378689e-01 8.798599e-01 7.746108e-01 1.000591e+00
6.906907e+01 9.382574e-01 8.805919e-01 7.759057e-01 1.000598e+00
7.007007e+01 9.385639e-01 8.811911e-01 7.769395e-01 1.000569e+00
7.107107e+01 9.317037e-01 8.683288e-01 7.544012e-01 1.000539e+00
7.207207e+01 9.386154e-01 8.812556e-01 7.770764e-01 1.000599e+00
7.307307e+01 9.363479e-01 8.770007e-01 7.696036e-01 1.000615e+00
7.407407e+01 9.432455e-01 8.899710e-01 7.925096e-01 1.000582e+00
7.507508e+01 9.331791e-01 8.710943e-01 7.592824e-01 1.000629e+00
7.607608e+01 9.391293e-01 8.822412e-01 7.788052e-01 1.000585e+00
7.707708e+01 9.333660e-01 8.714361e-01 7.598573e-01 1.000601e+00
7.807808e+01 9.403164e-01 8.844451e-01 7.826784e-01 1.000556e+00
7.907908e+01 9.388393e-01 8.817016e-01 7.778532e-01 1.000586e+00
8.008008e+01 9.413770e-01 8.864465e-01 7.862182e-01 1.000548e+00
8.108108e+01 9.386992e-01 8.814316e-01 7.773877e-01 1.000600e+00
8.208208e+01 9.388340e-01 8.816666e-01 7.777623e-01 1.000549e+00
8.308308e+01 9.332705e-01 8.712542e-01 7.595246e-01 1.000581e+00
8.408408e+01 9.385357e-01 8.811192e-01 7.768239e-01 1.000583e+00
8.508509e+01 9.398271e-01 8.835532e-01 7.811199e-01 1.000581e+00
8.608609e+01 9.380254e-01 8.801581e-01 7.751280e-01 1.000580e+00
8.708709e+01 9.387654e-01 8.815514e-01 7.775746e-01 1.000568e+00
8.808809e+01 9.401723e-01 8.841817e-01 7.822244e-01 1.000572e+00
8.908909e+01 9.372795e-01 8.787506e-01 7.726627e-01 1.000596e+00
9.009009e+01 9.342379e-01 8.730596e-01 7.626957e-01 1.000607e+00
9.109109e+01 9.347699e-01 8.740559e-01 7.644411e-01 1.000612e+00
9.209209e+01 9.406357e-01 8.850741e-01 7.838177e-01 1.000589e+00
9.309309e+01 9.346738e-01 8.738717e-01 7.641088e-01 1.000598e+00
9.409409e+01 9.382199e-01 8.805118e-01 7.757605e-01 1.000593e+00
9.509510e+01 9.376504e-01 8.794487e-01 7.738955e-01 1.000602e+00
9.609610e+01 9.395951e-01 8.831019e-01 7.803397e-01 1.000604e+00
9.709710e+01 9.320646e-01 8.689960e-01 7.555735e-01 1.000555e+00
9.809810e+01 9.341418e-01 8.728780e-01 7.623626e-01 1.000586e+00
9.909910e+01 9.434570e-01 8.903646e-01 7.931727e-01 1.000534e+00
1.001001e+02 9.356875e-01 8.757532e-01 7.673565e-01 1.000538e+00
1.011011e+02 9.336590e-01 8.719771e-01 7.607751e-01 1.000567e+00
1.021021e+02 9.313562e-01 8.676823e-01 7.533128e-01 1.000585e+00
1.031031e+02 9.409463e-01 8.856634e-01 7.848758e-01 1.000607e+00
1.041041e+02 9.312402e-01 8.674601e-01 7.529079e-01 1.000559e+00
1.051051e+02 9.320881e-01 8.690244e-01 7.556104e-01 1.000539e+00
1.061061e+02 9.398289e-01 8.835671e-01 7.811560e-01 1.000596e+00
1.071071e+02 9.429725e-01 8.894437e-01 7.915317e-01 1.000533e+00
1.081081e+02 9.332934e-01 8.712954e-01 7.596183e-01 1.000609e+00
1.091091e+02 9.321549e-01 8.691881e-01 7.559440e-01 1.000604e+00
1.101101e+02 9.376662e-01 8.794497e-01 7.738319e-01 1.000517e+00
1.111111e+02 9.425518e-01 8.886683e-01 7.901813e-01 1.000570e+00
1.121121e+02 9.330736e-01 8.708834e-01 7.588906e-01 1.000597e+00
1.131131e+02 9.431424e-01 8.897870e-01 7.921862e-01 1.000588e+00
1.141141e+02 9.319563e-01 8.687765e-01 7.551596e-01 1.000513e+00
1.151151e+02 9.437705e-01 8.909614e-01 7.942554e-01 1.000558e+00
1.161161e+02 9.370076e-01 8.782349e-01 7.717167e-01 1.000545e+00
1.171171e+02 9.369344e-01 8.781245e-01 7.715035e-01 1.000520e+00
1.181181e+02 9.376100e-01 8.793601e-01 7.736995e-01 1.000550e+00
1.191191e+02 9.322885e-01 8.694089e-01 7.562826e-01 1.000544e+00
1.201201e+02 9.393314e-01 8.826033e-01 7.794430e-01 1.000583e+00
1.211211e+02 9.321396e-01 8.691522e-01 7.558700e-01 1.000588e+00
1.221221e+02 9.373762e-01 8.789720e-01 7.730395e-01 1.000580e+00
1.231231e+02 9.401447e-01 8.841600e-01 7.821966e-01 1.000586e+00
1.241241e+02 9.334059e-01 8.714992e-01 7.599486e-01 1.000576e+00
1.251251e+02 9.318502e-01 8.685999e-01 7.548891e-01 1.000561e+00
1.261261e+02 9.380623e-01 8.802449e-01 7.752547e-01 1.000547e+00
1.271271e+02 9.390314e-01 8.820770e-01 7.785752e-01 1.000662e+00
1.281281e+02 9.369010e-01 8.780389e-01 7.713922e-01 1.000571e+00
1.291291e+02 9.386605e-01 8.813500e-01 7.772046e-01 1.000550e+00
1.301301e+02 9.386875e-01 8.813999e-01 7.773089e-01 1.000570e+00
1.311311e+02 9.392928e-01 8.825282e-01 7.793087e-01 1.000581e+00
1.321321e+02 9.420596e-01 8.877468e-01 7.885592e-01 1.000590e+00
1.331331e+02 9.408338e-01 8.854380e-01 7.844850e-01 1.000618e+00
1.341341e+02 9.333625e-01 8.714359e-01 7.598650e-01 1.000612e+00
1.351351e+02 9.384098e-01 8.808977e-01 7.764305e-01 1.000580e+00
1.361361e+02 9.385135e-01 8.810563e-01 7.766791e-01 1.000540e+00
1.371371e+02 9.331785e-01 8.710636e-01 7.591696e-01 1.000551e+00
1.381381e+02 9.321203e-01 8.691105e-01 7.557885e-01 1.000576e+00
1.391391e+02 9.373246e-01 8.788805e-01 7.728782e-01 1.000579e+00
1.401401e+02 9.373246e-01 8.788805e-01 7.728782e-01 1.000579e+00
1.411411e+02 9.384719e-01 8.809912e-01 7.765774e-01 1.000557e+00
1.421421e+02 9.355844e-01 8.755754e-01 7.670758e-01 1.000579e+00
1.431431e+02 9.420584e-01 8.877490e-01 7.885644e-01 1.000591e+00
1.441441e+02 9.372396e-01 8.786472e-01 7.724032e-01 1.000495e+00
1.451451e+02 9.340779e-01 8.727428e-01 7.621249e-01 1.000584e+00
1.461461e+02 9.376275e-01 8.793951e-01 7.737845e-01 1.000580e+00
1.471471e+02 9.383881e-01 8.808665e-01 7.763997e-01 1.000611e+00
1.481481e+02 9.315648e-01 8.680594e-01 7.539517e-01 1.000563e+00
1.491491e+02 9.400580e-01 8.839975e-01 7.819313e-01 1.000614e+00
1.501502e+02 9.328322e-01 8.704274e-01 7.580824e-01 1.000579e+00
1.511512e+02 9.378320e-01 8.797870e-01 7.744484e-01 1.000547e+00
1.521522e+02 9.381057e-01 8.803266e-01 7.754181e-01 1.000572e+00
1.531532e+02 9.372402e-01 8.786748e-01 7.725159e-01 1.000578e+00
1.541542e+02 9.372268e-01 8.786815e-01 7.725009e-01 1.000544e+00
1.551552e+02 9.398922e-01 8.836422e-01 7.812436e-01 1.000538e+00
1.561562e+02 9.393432e-01 8.826140e-01 7.794508e-01 1.000569e+00
1.571572e+02 9.321771e-01 8.692169e-01 7.559777e-01 1.000582e+00
1.581582e+02 9.422447e-01 8.881016e-01 7.891662e-01 1.000560e+00
1.591592e+02 9.372836e-01 8.787702e-01 7.727256e-01 1.000633e+00
1.601602e+02 9.380717e-01 8.802554e-01 7.752642e-01 1.000535e+00
1.611612e+02 9.369648e-01 8.781716e-01 7.716239e-01 1.000569e+00
1.621622e+02 9.404793e-01 8.847891e-01 7.833218e-01 1.000600e+00
1.631632e+02 9.400703e-01 8.840007e-01 7.819502e-01 1.000631e+00
1.641642e+02 9.379404e-01 8.799847e-01 7.748191e-01 1.000576e+00
1.651652e+02 9.375625e-01 8.792749e-01 7.735529e-01 1.000554e+00
1.661662e+02 9.404506e-01 8.847236e-01 7.831821e-01 1.000570e+00
1.671672e+02 9.400551e-01 8.839939e-01 7.819473e-01 1.000642e+00
1.681682e+02 9.381566e-01 8.804043e-01 7.755653e-01 1.000585e+00
1.691692e+02 9.375789e-01 8.792936e-01 7.735503e-01 1.000508e+00
1.701702e+02 9.381971e-01 8.804733e-01 7.756648e-01 1.000557e+00
1.711712e+02 9.378982e-01 8.799296e-01 7.747083e-01 1.000558e+00
1.721722e+02 9.375320e-01 8.792091e-01 7.734242e-01 1.000538e+00
1.731732e+02 9.380342e-01 8.801832e-01 7.751526e-01 1.000555e+00
1.741742e+02 9.413986e-01 8.865214e-01 7.864021e-01 1.000613e+00
1.751752e+02 9.396520e-01 8.832197e-01 7.805606e-01 1.000620e+00
1.761762e+02 9.381725e-01 8.804358e-01 7.756105e-01 1.000572e+00
1.771772e+02 9.370609e-01 8.783839e-01 7.719811e-01 1.000548e+00
1.781782e+02 9.385316e-01 8.811313e-01 7.768668e-01 1.000611e+00
1.791792e+02 9.386764e-01 8.814064e-01 7.773570e-01 1.000618e+00
1.801802e+02 9.373363e-01 8.788390e-01 7.727817e-01 1.000548e+00
1.811812e+02 9.384578e-01 8.809646e-01 7.765660e-01 1.000602e+00
1.821822e+02 9.382709e-01 8.806306e-01 7.759376e-01 1.000551e+00
1.831832e+02 9.406193e-01 8.850241e-01 7.837340e-01 1.000595e+00
1.841842e+02 9.321900e-01 8.692214e-01 7.559572e-01 1.000544e+00
1.851852e+02 9.395687e-01 8.830385e-01 7.802109e-01 1.000582e+00
1.861862e+02 9.413014e-01 8.863163e-01 7.860026e-01 1.000568e+00
1.871872e+02 9.405730e-01 8.849443e-01 7.835712e-01 1.000568e+00
1.881882e+02 9.427035e-01 8.889601e-01 7.907100e-01 1.000582e+00
1.891892e+02 9.314600e-01 8.678759e-01 7.536453e-01 1.000580e+00
1.901902e+02 9.421152e-01 8.878328e-01 7.886939e-01 1.000567e+00
1.911912e+02 9.432865e-01 8.900484e-01 7.926449e-01 1.000579e+00
1.921922e+02 9.432865e-01 8.900484e-01 7.926449e-01 1.000579e+00
1.931932e+02 9.369549e-01 8.781332e-01 7.715191e-01 1.000520e+00
1.941942e+02 9.391709e-01 8.822984e-01 7.789080e-01 1.000588e+00
1.951952e+02 9.389529e-01 8.819011e-01 7.781969e-01 1.000575e+00
1.961962e+02 9.373832e-01 8.789341e-01 7.729427e-01 1.000541e+00
1.971972e+02 9.376662e-01 8.794605e-01 7.738538e-01 1.000521e+00
1.981982e+02 9.410072e-01 8.857562e-01 7.850119e-01 1.000571e+00
1.991992e+02 9.317119e-01 8.683429e-01 7.544261e-01 1.000539e+00
2.002002e+02 9.376076e-01 8.794017e-01 7.737846e-01 1.000565e+00
2.012012e+02 9.384889e-01 8.810198e-01 7.766541e-01 1.000590e+00
2.022022e+02 9.418410e-01 8.873208e-01 7.877852e-01 1.000568e+00
2.032032e+02 9.375297e-01 8.792185e-01 7.734736e-01 1.000580e+00
2.042042e+02 9.376533e-01 8.794422e-01 7.738448e-01 1.000551e+00
2.052052e+02 9.377805e-01 8.796983e-01 7.743419e-01 1.000611e+00
2.062062e+02 9.371471e-01 8.784845e-01 7.721513e-01 1.000540e+00
2.072072e+02 9.437693e-01 8.909548e-01 7.942286e-01 1.000539e+00
2.082082e+02 9.364768e-01 8.772424e-01 7.699977e-01 1.000576e+00
2.092092e+02 9.321654e-01 8.692031e-01 7.559506e-01 1.000578e+00
2.102102e+02 9.321654e-01 8.692031e-01 7.559506e-01 1.000578e+00
2.112112e+02 9.359201e-01 8.762038e-01 7.682014e-01 1.000610e+00
2.122122e+02 9.417502e-01 8.871666e-01 7.875341e-01 1.000597e+00
2.132132e+02 9.418697e-01 8.873781e-01 7.878779e-01 1.000556e+00
2.142142e+02 9.434166e-01 8.902819e-01 7.930201e-01 1.000528e+00
2.152152e+02 9.344084e-01 8.733669e-01 7.632058e-01 1.000572e+00
2.162162e+02 9.375725e-01 8.792949e-01 7.735802e-01 1.000544e+00
2.172172e+02 9.431312e-01 8.897624e-01 7.921066e-01 1.000543e+00
2.182182e+02 9.346340e-01 8.737812e-01 7.639071e-01 1.000542e+00
2.192192e+02 9.337035e-01 8.720567e-01 7.609390e-01 1.000600e+00
2.202202e+02 9.337035e-01 8.720567e-01 7.609390e-01 1.000600e+00
2.212212e+02 9.310715e-01 8.671543e-01 7.523633e-01 1.000541e+00
2.222222e+02 9.428518e-01 8.892388e-01 7.912048e-01 1.000581e+00
2.232232e+02 9.315285e-01 8.680013e-01 7.538567e-01 1.000571e+00
2.242242e+02 9.388891e-01 8.818035e-01 7.780497e-01 1.000607e+00
2.252252e+02 9.370410e-01 8.783192e-01 7.718568e-01 1.000534e+00
2.262262e+02 9.404975e-01 8.848218e-01 7.833678e-01 1.000585e+00
2.272272e+02 9.382803e-01 8.806226e-01 7.759408e-01 1.000573e+00
2.282282e+02 9.371869e-01 8.785728e-01 7.723321e-01 1.000572e+00
2.292292e+02 9.379334e-01 8.799764e-01 7.748168e-01 1.000592e+00
2.302302e+02 9.351900e-01 8.748300e-01 7.657582e-01 1.000563e+00
2.312312e+02 9.375244e-01 8.791762e-01 7.733201e-01 1.000478e+00
2.322322e+02 9.356066e-01 8.756104e-01 7.671620e-01 1.000611e+00
2.332332e+02 9.341998e-01 8.729846e-01 7.625778e-01 1.000624e+00
2.342342e+02 9.413916e-01 8.864745e-01 7.862697e-01 1.000551e+00
2.352352e+02 9.348707e-01 8.742668e-01 7.648260e-01 1.000633e+00
2.362362e+02 9.386055e-01 8.812826e-01 7.771160e-01 1.000588e+00
2.372372e+02 9.426443e-01 8.888544e-01 7.905220e-01 1.000582e+00
2.382382e+02 9.377910e-01 8.797085e-01 7.743295e-01 1.000572e+00
2.392392e+02 9.398951e-01 8.836906e-01 7.813859e-01 1.000611e+00
2.402402e+02 9.398951e-01 8.836906e-01 7.813859e-01 1.000611e+00
2.412412e+02 9.373926e-01 8.789431e-01 7.729490e-01 1.000528e+00
2.422422e+02 9.373926e-01 8.789431e-01 7.729490e-01 1.000528e+00
2.432432e+02 9.373926e-01 8.789431e-01 7.729490e-01 1.000528e+00
2.442442e+02 9.373926e-01 8.789431e-01 7.729490e-01 1.000528e+00
2.452452e+02 9.377201e-01 8.796027e-01 7.741311e-01 1.000556e+00
2.462462e+02 9.377201e-01 8.796027e-01 7.741311e-01 1.000556e+00
2.472472e+02 9.374664e-01 8.790916e-01 7.732475e-01 1.000576e+00
2.482482e+02 9.410512e-01 8.858561e-01 7.851879e-01 1.000569e+00
2.492492e+02 9.380723e-01 8.802443e-01 7.752526e-01 1.000545e+00
2.502503e+02 9.401664e-01 8.841972e-01 7.822442e-01 1.000562e+00
2.512513e+02 9.376768e-01 8.794841e-01 7.739247e-01 1.000559e+00
2.522523e+02 9.377307e-01 8.796335e-01 7.742047e-01 1.000581e+00
2.532533e+02 9.377307e-01 8.796335e-01 7.742047e-01 1.000581e+00
2.542543e+02 9.377307e-01 8.796335e-01 7.742047e-01 1.000581e+00
2.552553e+02 9.375566e-01 8.792687e-01 7.735066e-01 1.000508e+00
2.562563e+02 9.373686e-01 8.789432e-01 7.729415e-01 1.000518e+00
2.572573e+02 9.375549e-01 8.793029e-01 7.736187e-01 1.000576e+00
2.582583e+02 9.378197e-01 8.797565e-01 7.744361e-01 1.000600e+00
2.592593e+02 9.427463e-01 8.890156e-01 7.907566e-01 1.000516e+00
2.602603e+02 9.338893e-01 8.724109e-01 7.615587e-01 1.000602e+00
2.612613e+02 9.318344e-01 8.685754e-01 7.548479e-01 1.000563e+00
2.622623e+02 9.376721e-01 8.795207e-01 7.740013e-01 1.000575e+00
2.632633e+02 9.380734e-01 8.802451e-01 7.752915e-01 1.000594e+00
2.642643e+02 9.357027e-01 8.758024e-01 7.674987e-01 1.000611e+00
2.652653e+02 9.367492e-01 8.777792e-01 7.709052e-01 1.000531e+00
2.662663e+02 9.413506e-01 8.864270e-01 7.862310e-01 1.000608e+00
2.672673e+02 9.377904e-01 8.797086e-01 7.743059e-01 1.000541e+00
2.682683e+02 9.369227e-01 8.781311e-01 7.715492e-01 1.000564e+00
2.692693e+02 9.369256e-01 8.780859e-01 7.714939e-01 1.000595e+00
2.702703e+02 9.369256e-01 8.780859e-01 7.714939e-01 1.000595e+00
2.712713e+02 9.369256e-01 8.780859e-01 7.714939e-01 1.000595e+00
2.722723e+02 9.376861e-01 8.795246e-01 7.739873e-01 1.000548e+00
2.732733e+02 9.376861e-01 8.795246e-01 7.739873e-01 1.000548e+00
2.742743e+02 9.376861e-01 8.795246e-01 7.739873e-01 1.000548e+00
2.752753e+02 9.376861e-01 8.795246e-01 7.739873e-01 1.000548e+00
2.762763e+02 9.377043e-01 8.795734e-01 7.740697e-01 1.000543e+00
2.772773e+02 9.388762e-01 8.817645e-01 7.779770e-01 1.000602e+00
2.782783e+02 9.433920e-01 8.902529e-01 7.930161e-01 1.000588e+00
2.792793e+02 9.318355e-01 8.685764e-01 7.548436e-01 1.000555e+00
2.802803e+02 9.435197e-01 8.904774e-01 7.933830e-01 1.000546e+00
2.812813e+02 9.318543e-01 8.686085e-01 7.549012e-01 1.000557e+00
2.822823e+02 9.377125e-01 8.795666e-01 7.740774e-01 1.000569e+00
2.832833e+02 9.376574e-01 8.794517e-01 7.738557e-01 1.000544e+00
2.842843e+02 9.376574e-01 8.794517e-01 7.738557e-01 1.000544e+00
2.852853e+02 9.387754e-01 8.815849e-01 7.776358e-01 1.000571e+00
2.862863e+02 9.424445e-01 8.884829e-01 7.898901e-01 1.000619e+00
2.872873e+02 9.312619e-01 8.674909e-01 7.529345e-01 1.000524e+00
2.882883e+02 9.424445e-01 8.884829e-01 7.898901e-01 1.000619e+00
2.892893e+02 9.312619e-01 8.674909e-01 7.529345e-01 1.000524e+00
2.902903e+02 9.370545e-01 8.783234e-01 7.718775e-01 1.000552e+00
2.912913e+02 9.370545e-01 8.783234e-01 7.718775e-01 1.000552e+00
2.922923e+02 9.433639e-01 8.901939e-01 7.928670e-01 1.000532e+00
2.932933e+02 9.313229e-01 8.676311e-01 7.532272e-01 1.000589e+00
2.942943e+02 9.406141e-01 8.850228e-01 7.837695e-01 1.000644e+00
2.952953e+02 9.406141e-01 8.850228e-01 7.837695e-01 1.000644e+00
2.962963e+02 9.439627e-01 8.913344e-01 7.949314e-01 1.000572e+00
2.972973e+02 9.311254e-01 8.672502e-01 7.525473e-01 1.000564e+00
2.982983e+02 9.414543e-01 8.866115e-01 7.865518e-01 1.000600e+00
2.992993e+02 9.314582e-01 8.678626e-01 7.535911e-01 1.000539e+00
3.003003e+02 9.383834e-01 8.808051e-01 7.762342e-01 1.000537e+00
3.013013e+02 9.375432e-01 8.792282e-01 7.734823e-01 1.000569e+00
3.023023e+02 9.371840e-01 8.785824e-01 7.723507e-01 1.000575e+00
3.033033e+02 9.377740e-01 8.796781e-01 7.742428e-01 1.000529e+00
3.043043e+02 9.393262e-01 8.826191e-01 7.794941e-01 1.000613e+00
3.053053e+02 9.373914e-01 8.789583e-01 7.730185e-01 1.000584e+00
3.063063e+02 9.376527e-01 8.794393e-01 7.738517e-01 1.000567e+00
3.073073e+02 9.373129e-01 8.787960e-01 7.727169e-01 1.000563e+00
3.083083e+02 9.373129e-01 8.787960e-01 7.727169e-01 1.000563e+00
3.093093e+02 9.375713e-01 8.792986e-01 7.735843e-01 1.000541e+00
3.103103e+02 9.384396e-01 8.809186e-01 7.764628e-01 1.000574e+00
3.113113e+02 9.379469e-01 8.799955e-01 7.747968e-01 1.000523e+00
3.123123e+02 9.333086e-01 8.713227e-01 7.596337e-01 1.000567e+00
3.133133e+02 9.379469e-01 8.799955e-01 7.747968e-01 1.000523e+00
3.143143e+02 9.352287e-01 8.748992e-01 7.658928e-01 1.000580e+00
3.153153e+02 9.319094e-01 8.687121e-01 7.551013e-01 1.000584e+00
3.163163e+02 9.403803e-01 8.845828e-01 7.829622e-01 1.000608e+00
3.173173e+02 9.323389e-01 8.695137e-01 7.564814e-01 1.000565e+00
3.183183e+02 9.375461e-01 8.792478e-01 7.735211e-01 1.000575e+00
3.193193e+02 9.437225e-01 8.908709e-01 7.941035e-01 1.000570e+00
3.203203e+02 9.374611e-01 8.790814e-01 7.732491e-01 1.000602e+00
3.213213e+02 9.317049e-01 8.683217e-01 7.543979e-01 1.000551e+00
3.223223e+02 9.367967e-01 8.778451e-01 7.710462e-01 1.000563e+00
3.233233e+02 9.367967e-01 8.778451e-01 7.710462e-01 1.000563e+00
3.243243e+02 9.377547e-01 8.796223e-01 7.741569e-01 1.000545e+00
3.253253e+02 9.429291e-01 8.893582e-01 7.913748e-01 1.000527e+00
3.263263e+02 9.372818e-01 8.787270e-01 7.725680e-01 1.000527e+00
3.273273e+02 9.342408e-01 8.730776e-01 7.627431e-01 1.000628e+00
3.283283e+02 9.429291e-01 8.893582e-01 7.913748e-01 1.000527e+00
3.293293e+02 9.316855e-01 8.682973e-01 7.543602e-01 1.000557e+00
3.303303e+02 9.379814e-01 8.800764e-01 7.749651e-01 1.000556e+00
3.313313e+02 9.379814e-01 8.800764e-01 7.749651e-01 1.000556e+00
3.323323e+02 9.379814e-01 8.800764e-01 7.749651e-01 1.000556e+00
3.333333e+02 9.418838e-01 8.874083e-01 7.879726e-01 1.000608e+00
3.343343e+02 9.315309e-01 8.680181e-01 7.538898e-01 1.000577e+00
3.353353e+02 9.410559e-01 8.858575e-01 7.851915e-01 1.000571e+00
3.363363e+02 9.430867e-01 8.896727e-01 7.919497e-01 1.000546e+00
3.373373e+02 9.315309e-01 8.680181e-01 7.538898e-01 1.000577e+00
3.383383e+02 9.377178e-01 8.795779e-01 7.740776e-01 1.000543e+00
3.393393e+02 9.373580e-01 8.788791e-01 7.728480e-01 1.000543e+00
3.403403e+02 9.368828e-01 8.780027e-01 7.713446e-01 1.000591e+00
3.413413e+02 9.317646e-01 8.684389e-01 7.546220e-01 1.000578e+00
3.423423e+02 9.372209e-01 8.786428e-01 7.724697e-01 1.000591e+00
3.433433e+02 9.436270e-01 8.906911e-01 7.937916e-01 1.000581e+00
3.443443e+02 9.313703e-01 8.676999e-01 7.533309e-01 1.000568e+00
3.453453e+02 9.441947e-01 8.917512e-01 7.956381e-01 1.000525e+00
3.463463e+02 9.317090e-01 8.683543e-01 7.544848e-01 1.000591e+00
3.473473e+02 9.409937e-01 8.857208e-01 7.849518e-01 1.000574e+00
3.483483e+02 9.313193e-01 8.676112e-01 7.531687e-01 1.000557e+00
3.493493e+02 9.396631e-01 8.832661e-01 7.806329e-01 1.000607e+00
3.503504e+02 9.426461e-01 8.888430e-01 7.904898e-01 1.000567e+00
3.513514e+02 9.338277e-01 8.722916e-01 7.613442e-01 1.000593e+00
3.523524e+02 9.405982e-01 8.849890e-01 7.836635e-01 1.000585e+00
3.533534e+02 9.325861e-01 8.699755e-01 7.572985e-01 1.000583e+00
3.543544e+02 9.420748e-01 8.877616e-01 7.885494e-01 1.000544e+00
3.553554e+02 9.400188e-01 8.838884e-01 7.817129e-01 1.000581e+00
3.563564e+02 9.400188e-01 8.838884e-01 7.817129e-01 1.000581e+00
3.573574e+02 9.377934e-01 8.797439e-01 7.743816e-01 1.000559e+00
3.583584e+02 9.376598e-01 8.794318e-01 7.738103e-01 1.000530e+00
3.593594e+02 9.372941e-01 8.787974e-01 7.726993e-01 1.000537e+00
3.603604e+02 9.372941e-01 8.787974e-01 7.726993e-01 1.000537e+00
3.613614e+02 9.377986e-01 8.797467e-01 7.743824e-01 1.000553e+00
3.623624e+02 9.377986e-01 8.797467e-01 7.743824e-01 1.000553e+00
3.633634e+02 9.372115e-01 8.786510e-01 7.724676e-01 1.000570e+00
3.643644e+02 9.433316e-01 8.901290e-01 7.927556e-01 1.000538e+00
3.653654e+02 9.336760e-01 8.720058e-01 7.608187e-01 1.000558e+00
3.663664e+02 9.336760e-01 8.720058e-01 7.608187e-01 1.000558e+00
3.673674e+02 9.334920e-01 8.716656e-01 7.602389e-01 1.000576e+00
3.683684e+02 9.334920e-01 8.716656e-01 7.602389e-01 1.000576e+00
3.693694e+02 9.315988e-01 8.681313e-01 7.540711e-01 1.000556e+00
3.703704e+02 9.382229e-01 8.805414e-01 7.758113e-01 1.000591e+00
3.713714e+02 9.404547e-01 8.847195e-01 7.832038e-01 1.000607e+00
3.723724e+02 9.420824e-01 8.877918e-01 7.886220e-01 1.000568e+00
3.733734e+02 9.391357e-01 8.822316e-01 7.787832e-01 1.000579e+00
3.743744e+02 9.362898e-01 8.768950e-01 7.693862e-01 1.000574e+00
3.753754e+02 9.339854e-01 8.725945e-01 7.618901e-01 1.000616e+00
3.763764e+02 9.371617e-01 8.785219e-01 7.722131e-01 1.000534e+00
3.773774e+02 9.405098e-01 8.848375e-01 7.834231e-01 1.000620e+00
3.783784e+02 9.313158e-01 8.676066e-01 7.531564e-01 1.000552e+00
3.793794e+02 9.371131e-01 8.784364e-01 7.720906e-01 1.000570e+00
3.803804e+02 9.391580e-01 8.822896e-01 7.788553e-01 1.000540e+00
3.813814e+02 9.376879e-01 8.795171e-01 7.739808e-01 1.000556e+00
3.823824e+02 9.391580e-01 8.822896e-01 7.788553e-01 1.000540e+00
3.833834e+02 9.379094e-01 8.799683e-01 7.747829e-01 1.000566e+00
3.843844e+02 9.380512e-01 8.802316e-01 7.752074e-01 1.000516e+00
3.853854e+02 9.380512e-01 8.802316e-01 7.752074e-01 1.000516e+00
3.863864e+02 9.434852e-01 8.904111e-01 7.932530e-01 1.000531e+00
3.873874e+02 9.316674e-01 8.682510e-01 7.542690e-01 1.000543e+00
3.883884e+02 9.372197e-01 8.786672e-01 7.724634e-01 1.000528e+00
3.893894e+02 9.434852e-01 8.904111e-01 7.932530e-01 1.000531e+00
3.903904e+02 9.313551e-01 8.676644e-01 7.532335e-01 1.000521e+00
3.913914e+02 9.378607e-01 8.798260e-01 7.745320e-01 1.000566e+00
3.923924e+02 9.427023e-01 8.889483e-01 7.906699e-01 1.000558e+00
3.933934e+02 9.405139e-01 8.848240e-01 7.833601e-01 1.000570e+00
3.943944e+02 9.369678e-01 8.781977e-01 7.716755e-01 1.000576e+00
3.953954e+02 9.390314e-01 8.820847e-01 7.785734e-01 1.000643e+00
3.963964e+02 9.369678e-01 8.781977e-01 7.716755e-01 1.000576e+00
3.973974e+02 9.387895e-01 8.816325e-01 7.777716e-01 1.000638e+00
3.983984e+02 9.369678e-01 8.781977e-01 7.716755e-01 1.000576e+00
3.993994e+02 9.371564e-01 8.785067e-01 7.721940e-01 1.000544e+00
4.004004e+02 9.421885e-01 8.879735e-01 7.889341e-01 1.000554e+00
4.014014e+02 9.412229e-01 8.861930e-01 7.857901e-01 1.000576e+00
4.024024e+02 9.313211e-01 8.676101e-01 7.531530e-01 1.000539e+00
4.034034e+02 9.374957e-01 8.791501e-01 7.733709e-01 1.000603e+00
4.044044e+02 9.377670e-01 8.796929e-01 7.742959e-01 1.000564e+00
4.054054e+02 9.379258e-01 8.800004e-01 7.748624e-01 1.000596e+00
4.064064e+02 9.377670e-01 8.796929e-01 7.742959e-01 1.000564e+00
4.074074e+02 9.373305e-01 8.788451e-01 7.728185e-01 1.000582e+00
4.084084e+02 9.401928e-01 8.842512e-01 7.823807e-01 1.000615e+00
4.094094e+02 9.375004e-01 8.791486e-01 7.733466e-01 1.000575e+00
4.104104e+02 9.318637e-01 8.686288e-01 7.549453e-01 1.000569e+00
4.114114e+02 9.379123e-01 8.799583e-01 7.747619e-01 1.000562e+00
4.124124e+02 9.380717e-01 8.802375e-01 7.752712e-01 1.000585e+00
4.134134e+02 9.439785e-01 8.913604e-01 7.949723e-01 1.000565e+00
4.144144e+02 9.320324e-01 8.689429e-01 7.554952e-01 1.000574e+00
4.154154e+02 9.378842e-01 8.798673e-01 7.746039e-01 1.000565e+00
4.164164e+02 9.378842e-01 8.798673e-01 7.746039e-01 1.000565e+00
4.174174e+02 9.378842e-01 8.798673e-01 7.746039e-01 1.000565e+00
4.184184e+02 9.378842e-01 8.798673e-01 7.746039e-01 1.000565e+00
4.194194e+02 9.378842e-01 8.798673e-01 7.746039e-01 1.000565e+00
4.204204e+02 9.377412e-01 8.796107e-01 7.741505e-01 1.000563e+00
4.214214e+02 9.393150e-01 8.825767e-01 7.793856e-01 1.000570e+00
4.224224e+02 9.379926e-01 8.800962e-01 7.750286e-01 1.000593e+00
4.234234e+02 9.402566e-01 8.843577e-01 7.825450e-01 1.000584e+00
4.244244e+02 9.317055e-01 8.683413e-01 7.544617e-01 1.000590e+00
4.254254e+02 9.391727e-01 8.823224e-01 7.789436e-01 1.000579e+00
4.264264e+02 9.391727e-01 8.823224e-01 7.789436e-01 1.000579e+00
4.274274e+02 9.391727e-01 8.823224e-01 7.789436e-01 1.000579e+00
4.284284e+02 9.391727e-01 8.823224e-01 7.789436e-01 1.000579e+00
4.294294e+02 9.375725e-01 8.793210e-01 7.736497e-01 1.000575e+00
4.304304e+02 9.426273e-01 8.887874e-01 7.903404e-01 1.000503e+00
4.314314e+02 9.358457e-01 8.760691e-01 7.679501e-01 1.000590e+00
4.324324e+02 9.358457e-01 8.760691e-01 7.679501e-01 1.000590e+00
4.334334e+02 9.357895e-01 8.759544e-01 7.677311e-01 1.000567e+00
4.344344e+02 9.357895e-01 8.759544e-01 7.677311e-01 1.000567e+00
4.354354e+02 9.357895e-01 8.759544e-01 7.677311e-01 1.000567e+00
4.364364e+02 9.366889e-01 8.776290e-01 7.706411e-01 1.000530e+00
4.374374e+02 9.324408e-01 8.697122e-01 7.568276e-01 1.000566e+00
4.384384e+02 9.319369e-01 8.687645e-01 7.551893e-01 1.000580e+00
4.394394e+02 9.319369e-01 8.687645e-01 7.551893e-01 1.000580e+00
4.404404e+02 9.319369e-01 8.687645e-01 7.551893e-01 1.000580e+00
4.414414e+02 9.319369e-01 8.687645e-01 7.551893e-01 1.000580e+00
4.424424e+02 9.319369e-01 8.687645e-01 7.551893e-01 1.000580e+00
4.434434e+02 9.319369e-01 8.687645e-01 7.551893e-01 1.000580e+00
4.444444e+02 9.317400e-01 8.684002e-01 7.545418e-01 1.000561e+00
4.454454e+02 9.375543e-01 8.793041e-01 7.736121e-01 1.000564e+00
4.464464e+02 9.436463e-01 8.907271e-01 7.938253e-01 1.000543e+00
4.474474e+02 9.325434e-01 8.698991e-01 7.571612e-01 1.000577e+00
4.484484e+02 9.409439e-01 8.856387e-01 7.848094e-01 1.000578e+00
4.494494e+02 9.320670e-01 8.690001e-01 7.555825e-01 1.000558e+00
4.504505e+02 9.375232e-01 8.792425e-01 7.735030e-01 1.000563e+00
4.514515e+02 9.416787e-01 8.870381e-01 7.873154e-01 1.000609e+00
4.524525e+02 9.320881e-01 8.690592e-01 7.557207e-01 1.000605e+00
4.534535e+02 9.375232e-01 8.792425e-01 7.735030e-01 1.000563e+00
4.544545e+02 9.382480e-01 8.805593e-01 7.758327e-01 1.000578e+00
4.554555e+02 9.382480e-01 8.805593e-01 7.758327e-01 1.000578e+00
4.564565e+02 9.382480e-01 8.805593e-01 7.758327e-01 1.000578e+00
4.574575e+02 9.382480e-01 8.805593e-01 7.758327e-01 1.000578e+00
4.584585e+02 9.382480e-01 8.805593e-01 7.758327e-01 1.000578e+00
4.594595e+02 9.382480e-01 8.805593e-01 7.758327e-01 1.000578e+00
4.604605e+02 9.426578e-01 8.888548e-01 7.904735e-01 1.000520e+00
4.614615e+02 9.315824e-01 8.680890e-01 7.539783e-01 1.000531e+00
4.624625e+02 9.395781e-01 8.830442e-01 7.801915e-01 1.000544e+00
4.634635e+02 9.321121e-01 8.690889e-01 7.557371e-01 1.000558e+00
4.644645e+02 9.395781e-01 8.830442e-01 7.801915e-01 1.000544e+00
4.654655e+02 9.322914e-01 8.694262e-01 7.563354e-01 1.000574e+00
4.664665e+02 9.395781e-01 8.830442e-01 7.801915e-01 1.000544e+00
4.674675e+02 9.310932e-01 8.671912e-01 7.524421e-01 1.000560e+00
4.684685e+02 9.398564e-01 8.836113e-01 7.812522e-01 1.000619e+00
4.694695e+02 9.310932e-01 8.671912e-01 7.524421e-01 1.000560e+00
4.704705e+02 9.398564e-01 8.836113e-01 7.812522e-01 1.000619e+00
4.714715e+02 9.310932e-01 8.671912e-01 7.524421e-01 1.000560e+00
4.724725e+02 9.376416e-01 8.794273e-01 7.738458e-01 1.000586e+00
4.734735e+02 9.376416e-01 8.794273e-01 7.738458e-01 1.000586e+00
4.744745e+02 9.434271e-01 8.903137e-01 7.930940e-01 1.000549e+00
4.754755e+02 9.320143e-01 8.689236e-01 7.554718e-01 1.000588e+00
4.764765e+02 9.437881e-01 8.909846e-01 7.942777e-01 1.000534e+00
4.774775e+02 9.316328e-01 8.682114e-01 7.542323e-01 1.000586e+00
4.784785e+02 9.437881e-01 8.909846e-01 7.942777e-01 1.000534e+00
4.794795e+02 9.311172e-01 8.672333e-01 7.525194e-01 1.000566e+00
4.804805e+02 9.374219e-01 8.790532e-01 7.731684e-01 1.000562e+00
4.814815e+02 9.381713e-01 8.804307e-01 7.756163e-01 1.000591e+00
4.824825e+02 9.381713e-01 8.804307e-01 7.756163e-01 1.000591e+00
4.834835e+02 9.381713e-01 8.804307e-01 7.756163e-01 1.000591e+00
4.844845e+02 9.381713e-01 8.804307e-01 7.756163e-01 1.000591e+00
4.854855e+02 9.381713e-01 8.804307e-01 7.756163e-01 1.000591e+00
4.864865e+02 9.375010e-01 8.792029e-01 7.734729e-01 1.000615e+00
4.874875e+02 9.434254e-01 8.903046e-01 7.930576e-01 1.000524e+00
4.884885e+02 9.316955e-01 8.682964e-01 7.543528e-01 1.000549e+00
4.894895e+02 9.436961e-01 8.908055e-01 7.939512e-01 1.000525e+00
4.904905e+02 9.312104e-01 8.674028e-01 7.528213e-01 1.000576e+00
4.914915e+02 9.396273e-01 8.831590e-01 7.804250e-01 1.000584e+00
4.924925e+02 9.442908e-01 8.919417e-01 7.960075e-01 1.000562e+00
4.934935e+02 9.366613e-01 8.775901e-01 7.706355e-01 1.000612e+00
4.944945e+02 9.366613e-01 8.775901e-01 7.706355e-01 1.000612e+00
4.954955e+02 9.366613e-01 8.775901e-01 7.706355e-01 1.000612e+00
4.964965e+02 9.366613e-01 8.775901e-01 7.706355e-01 1.000612e+00
4.974975e+02 9.366613e-01 8.775901e-01 7.706355e-01 1.000612e+00
4.984985e+02 9.366613e-01 8.775901e-01 7.706355e-01 1.000612e+00
4.994995e+02 9.366613e-01 8.775901e-01 7.706355e-01 1.000612e+00
5.005005e+02 9.366613e-01 8.775901e-01 7.706355e-01 1.000612e+00
5.015015e+02 9.366613e-01 8.775901e-01 7.706355e-01 1.000612e+00
5.025025e+02 9.366613e-01 8.775901e-01 7.706355e-01 1.000612e+00
5.035035e+02 9.315936e-01 8.681286e-01 7.540723e-01 1.000564e+00
5.045045e+02 9.365986e-01 8.775178e-01 7.704413e-01 1.000524e+00
5.055055e+02 9.435760e-01 8.905983e-01 7.935857e-01 1.000530e+00
5.065065e+02 9.321590e-01 8.691855e-01 7.559392e-01 1.000603e+00
5.075075e+02 9.375127e-01 8.792194e-01 7.734676e-01 1.000570e+00
5.085085e+02 9.328188e-01 8.704164e-01 7.580930e-01 1.000618e+00
5.095095e+02 9.435789e-01 8.905938e-01 7.935667e-01 1.000516e+00
5.105105e+02 9.310316e-01 8.670601e-01 7.521890e-01 1.000526e+00
5.115115e+02 9.436639e-01 8.907558e-01 7.938605e-01 1.000523e+00
5.125125e+02 9.366613e-01 8.775729e-01 7.705425e-01 1.000530e+00
5.135135e+02 9.366613e-01 8.775729e-01 7.705425e-01 1.000530e+00
5.145145e+02 9.366613e-01 8.775729e-01 7.705425e-01 1.000530e+00
5.155155e+02 9.366613e-01 8.775729e-01 7.705425e-01 1.000530e+00
5.165165e+02 9.366613e-01 8.775729e-01 7.705425e-01 1.000530e+00
5.175175e+02 9.375479e-01 8.792440e-01 7.735113e-01 1.000571e+00
5.185185e+02 9.375479e-01 8.792440e-01 7.735113e-01 1.000571e+00
5.195195e+02 9.317230e-01 8.683671e-01 7.545116e-01 1.000597e+00
5.205205e+02 9.394410e-01 8.828325e-01 7.798260e-01 1.000555e+00
5.215215e+02 9.394410e-01 8.828325e-01 7.798260e-01 1.000555e+00
5.225225e+02 9.394410e-01 8.828325e-01 7.798260e-01 1.000555e+00
5.235235e+02 9.394410e-01 8.828325e-01 7.798260e-01 1.000555e+00
5.245245e+02 9.371875e-01 8.786128e-01 7.723819e-01 1.000546e+00
5.255255e+02 9.430498e-01 8.895914e-01 7.917973e-01 1.000536e+00
5.265265e+02 9.360643e-01 8.764555e-01 7.686001e-01 1.000554e+00
5.275275e+02 9.360643e-01 8.764555e-01 7.686001e-01 1.000554e+00
5.285285e+02 9.360643e-01 8.764555e-01 7.686001e-01 1.000554e+00
5.295295e+02 9.306982e-01 8.664546e-01 7.511563e-01 1.000550e+00
5.305305e+02 9.430498e-01 8.895914e-01 7.917973e-01 1.000536e+00
5.315315e+02 9.306982e-01 8.664546e-01 7.511563e-01 1.000550e+00
5.325325e+02 9.430498e-01 8.895914e-01 7.917973e-01 1.000536e+00
5.335335e+02 9.306982e-01 8.664546e-01 7.511563e-01 1.000550e+00
5.345345e+02 9.430498e-01 8.895914e-01 7.917973e-01 1.000536e+00
5.355355e+02 9.306982e-01 8.664546e-01 7.511563e-01 1.000550e+00
5.365365e+02 9.430498e-01 8.895914e-01 7.917973e-01 1.000536e+00
5.375375e+02 9.320383e-01 8.689501e-01 7.554967e-01 1.000559e+00
5.385385e+02 9.383881e-01 8.808609e-01 7.763534e-01 1.000564e+00
5.395395e+02 9.320383e-01 8.689501e-01 7.554967e-01 1.000559e+00
5.405405e+02 9.374559e-01 8.791012e-01 7.732512e-01 1.000559e+00
5.415415e+02 9.435145e-01 8.904619e-01 7.933522e-01 1.000542e+00
5.425425e+02 9.311424e-01 8.672790e-01 7.525820e-01 1.000544e+00
5.435435e+02 9.373498e-01 8.789181e-01 7.729477e-01 1.000583e+00
5.445445e+02 9.366109e-01 8.775547e-01 7.705216e-01 1.000544e+00
5.455455e+02 9.373498e-01 8.789181e-01 7.729477e-01 1.000583e+00
5.465465e+02 9.379762e-01 8.800553e-01 7.749465e-01 1.000580e+00
5.475475e+02 9.378912e-01 8.798821e-01 7.746338e-01 1.000570e+00
5.485485e+02 9.378912e-01 8.798821e-01 7.746338e-01 1.000570e+00
5.495495e+02 9.378912e-01 8.798821e-01 7.746338e-01 1.000570e+00
5.505506e+02 9.377283e-01 8.795629e-01 7.740380e-01 1.000526e+00
5.515516e+02 9.440664e-01 8.915251e-01 7.952601e-01 1.000557e+00
5.525526e+02 9.359154e-01 8.761960e-01 7.681821e-01 1.000603e+00
5.535536e+02 9.359154e-01 8.761960e-01 7.681821e-01 1.000603e+00
5.545546e+02 9.359154e-01 8.761960e-01 7.681821e-01 1.000603e+00
5.555556e+02 9.314887e-01 8.679339e-01 7.537598e-01 1.000598e+00
5.565566e+02 9.432367e-01 8.899480e-01 7.924367e-01 1.000542e+00
5.575576e+02 9.312918e-01 8.675683e-01 7.531223e-01 1.000594e+00
5.585586e+02 9.433223e-01 8.901063e-01 7.926939e-01 1.000511e+00
5.595596e+02 9.379135e-01 8.799380e-01 7.747419e-01 1.000582e+00
5.605606e+02 9.379135e-01 8.799380e-01 7.747419e-01 1.000582e+00
5.615616e+02 9.379135e-01 8.799380e-01 7.747419e-01 1.000582e+00
5.625626e+02 9.379135e-01 8.799380e-01 7.747419e-01 1.000582e+00
5.635636e+02 9.379135e-01 8.799380e-01 7.747419e-01 1.000582e+00
5.645646e+02 9.379135e-01 8.799380e-01 7.747419e-01 1.000582e+00
5.655656e+02 9.379135e-01 8.799380e-01 7.747419e-01 1.000582e+00
5.665666e+02 9.379135e-01 8.799380e-01 7.747419e-01 1.000582e+00
5.675676e+02 9.379135e-01 8.799380e-01 7.747419e-01 1.000582e+00
5.685686e+02 9.379135e-01 8.799380e-01 7.747419e-01 1.000582e+00
5.695696e+02 9.316381e-01 8.682100e-01 7.542239e-01 1.000577e+00
5.705706e+02 9.383283e-01 8.807045e-01 7.760871e-01 1.000576e+00
5.715716e+02 9.383283e-01 8.807045e-01 7.760871e-01 1.000576e+00
5.725726e+02 9.383283e-01 8.807045e-01 7.760871e-01 1.000576e+00
5.735736e+02 9.383283e-01 8.807045e-01 7.760871e-01 1.000576e+00
5.745746e+02 9.392295e-01 8.824148e-01 7.791465e-01 1.000630e+00
5.755756e+02 9.367434e-01 8.777317e-01 7.708301e-01 1.000541e+00
5.765766e+02 9.421457e-01 8.879048e-01 7.888569e-01 1.000611e+00
5.775776e+02 9.377271e-01 8.795672e-01 7.740403e-01 1.000520e+00
5.785786e+02 9.377271e-01 8.795672e-01 7.740403e-01 1.000520e+00
5.795796e+02 9.377271e-01 8.795672e-01 7.740403e-01 1.000520e+00
5.805806e+02 9.377271e-01 8.795672e-01 7.740403e-01 1.000520e+00
5.815816e+02 9.323535e-01 8.695450e-01 7.565235e-01 1.000549e+00
5.825826e+02 9.323535e-01 8.695450e-01 7.565235e-01 1.000549e+00
5.835836e+02 9.323535e-01 8.695450e-01 7.565235e-01 1.000549e+00
5.845846e+02 9.323535e-01 8.695450e-01 7.565235e-01 1.000549e+00
5.855856e+02 9.317488e-01 8.684000e-01 7.545432e-01 1.000563e+00
5.865866e+02 9.366537e-01 8.776072e-01 7.706192e-01 1.000552e+00
5.875876e+02 9.436047e-01 8.906565e-01 7.937135e-01 1.000560e+00
5.885886e+02 9.313381e-01 8.676312e-01 7.531655e-01 1.000507e+00
5.895896e+02 9.436047e-01 8.906565e-01 7.937135e-01 1.000560e+00
5.905906e+02 9.313381e-01 8.676312e-01 7.531655e-01 1.000507e+00
5.915916e+02 9.372074e-01 8.786662e-01 7.725267e-01 1.000612e+00
5.925926e+02 9.432490e-01 8.899821e-01 7.925031e-01 1.000549e+00
5.935936e+02 9.314471e-01 8.678491e-01 7.535987e-01 1.000580e+00
5.945946e+02 9.432490e-01 8.899821e-01 7.925031e-01 1.000549e+00
5.955956e+02 9.374107e-01 8.789686e-01 7.729962e-01 1.000531e+00
5.965966e+02 9.374107e-01 8.789686e-01 7.729962e-01 1.000531e+00
5.975976e+02 9.374107e-01 8.789686e-01 7.729962e-01 1.000531e+00
5.985986e+02 9.316480e-01 8.682282e-01 7.542566e-01 1.000579e+00
5.995996e+02 9.430521e-01 8.895959e-01 7.918097e-01 1.000542e+00
6.006006e+02 9.316480e-01 8.682282e-01 7.542566e-01 1.000579e+00
6.016016e+02 9.430521e-01 8.895959e-01 7.918097e-01 1.000542e+00
6.026026e+02 9.316480e-01 8.682282e-01 7.542566e-01 1.000579e+00
6.036036e+02 9.430521e-01 8.895959e-01 7.918097e-01 1.000542e+00
6.046046e+02 9.316480e-01 8.682282e-01 7.542566e-01 1.000579e+00
6.056056e+02 9.430521e-01 8.895959e-01 7.918097e-01 1.000542e+00
6.066066e+02 9.310346e-01 8.670811e-01 7.522514e-01 1.000561e+00
6.076076e+02 9.432490e-01 8.899821e-01 7.925031e-01 1.000549e+00
6.086086e+02 9.347904e-01 8.740927e-01 7.644835e-01 1.000583e+00
6.096096e+02 9.347904e-01 8.740927e-01 7.644835e-01 1.000583e+00
6.106106e+02 9.347904e-01 8.740927e-01 7.644835e-01 1.000583e+00
6.116116e+02 9.347904e-01 8.740927e-01 7.644835e-01 1.000583e+00
6.126126e+02 9.347904e-01 8.740927e-01 7.644835e-01 1.000583e+00
6.136136e+02 9.347904e-01 8.740927e-01 7.644835e-01 1.000583e+00
6.146146e+02 9.347904e-01 8.740927e-01 7.644835e-01 1.000583e+00
6.156156e+02 9.347904e-01 8.740927e-01 7.644835e-01 1.000583e+00
6.166166e+02 9.347904e-01 8.740927e-01 7.644835e-01 1.000583e+00
6.176176e+02 9.347904e-01 8.740927e-01 7.644835e-01 1.000583e+00
6.186186e+02 9.347904e-01 8.740927e-01 7.644835e-01 1.000583e+00
6.196196e+02 9.347904e-01 8.740927e-01 7.644835e-01 1.000583e+00
6.206206e+02 9.320676e-01 8.690032e-01 7.555949e-01 1.000567e+00
6.216216e+02 9.375197e-01 8.791884e-01 7.734021e-01 1.000556e+00
6.226226e+02 9.375326e-01 8.792054e-01 7.734183e-01 1.000538e+00
6.236236e+02 9.375326e-01 8.792054e-01 7.734183e-01 1.000538e+00
6.246246e+02 9.375326e-01 8.792054e-01 7.734183e-01 1.000538e+00
6.256256e+02 9.376059e-01 8.793570e-01 7.736885e-01 1.000543e+00
6.266266e+02 9.376059e-01 8.793570e-01 7.736885e-01 1.000543e+00
6.276276e+02 9.376059e-01 8.793570e-01 7.736885e-01 1.000543e+00
6.286286e+02 9.376059e-01 8.793570e-01 7.736885e-01 1.000543e+00
6.296296e+02 9.376059e-01 8.793570e-01 7.736885e-01 1.000543e+00
6.306306e+02 9.376059e-01 8.793570e-01 7.736885e-01 1.000543e+00
6.316316e+02 9.376059e-01 8.793570e-01 7.736885e-01 1.000543e+00
6.326326e+02 9.376059e-01 8.793570e-01 7.736885e-01 1.000543e+00
6.336336e+02 9.376059e-01 8.793570e-01 7.736885e-01 1.000543e+00
6.346346e+02 9.378256e-01 8.797971e-01 7.744760e-01 1.000560e+00
6.356356e+02 9.367129e-01 8.777236e-01 7.708109e-01 1.000535e+00
6.366366e+02 9.378256e-01 8.797971e-01 7.744760e-01 1.000560e+00
6.376376e+02 9.367129e-01 8.777236e-01 7.708109e-01 1.000535e+00
6.386386e+02 9.378256e-01 8.797971e-01 7.744760e-01 1.000560e+00
6.396396e+02 9.367129e-01 8.777236e-01 7.708109e-01 1.000535e+00
6.406406e+02 9.378256e-01 8.797971e-01 7.744760e-01 1.000560e+00
6.416416e+02 9.386975e-01 8.814195e-01 7.773789e-01 1.000616e+00
6.426426e+02 9.426953e-01 8.889353e-01 7.906576e-01 1.000572e+00
6.436436e+02 9.311500e-01 8.672925e-01 7.526101e-01 1.000550e+00
6.446446e+02 9.426953e-01 8.889353e-01 7.906576e-01 1.000572e+00
6.456456e+02 9.311500e-01 8.672925e-01 7.526101e-01 1.000550e+00
6.466466e+02 9.426953e-01 8.889353e-01 7.906576e-01 1.000572e+00
6.476476e+02 9.377465e-01 8.796003e-01 7.741069e-01 1.000530e+00
6.486486e+02 9.377465e-01 8.796003e-01 7.741069e-01 1.000530e+00
6.496496e+02 9.377465e-01 8.796003e-01 7.741069e-01 1.000530e+00
6.506507e+02 9.377465e-01 8.796003e-01 7.741069e-01 1.000530e+00
6.516517e+02 9.377465e-01 8.796003e-01 7.741069e-01 1.000530e+00
6.526527e+02 9.377465e-01 8.796003e-01 7.741069e-01 1.000530e+00
6.536537e+02 9.377465e-01 8.796003e-01 7.741069e-01 1.000530e+00
6.546547e+02 9.377465e-01 8.796003e-01 7.741069e-01 1.000530e+00
6.556557e+02 9.377465e-01 8.796003e-01 7.741069e-01 1.000530e+00
6.566567e+02 9.377465e-01 8.796003e-01 7.741069e-01 1.000530e+00
6.576577e+02 9.330057e-01 8.707537e-01 7.586540e-01 1.000583e+00
6.586587e+02 9.433885e-01 8.902341e-01 7.929444e-01 1.000540e+00
6.596597e+02 9.308195e-01 8.666760e-01 7.515472e-01 1.000559e+00
6.606607e+02 9.425061e-01 8.885712e-01 7.900016e-01 1.000561e+00
6.616617e+02 9.308195e-01 8.666760e-01 7.515472e-01 1.000559e+00
6.626627e+02 9.425061e-01 8.885712e-01 7.900016e-01 1.000561e+00
6.636637e+02 9.308195e-01 8.666760e-01 7.515472e-01 1.000559e+00
6.646647e+02 9.436914e-01 8.908098e-01 7.940003e-01 1.000577e+00
6.656657e+02 9.308195e-01 8.666760e-01 7.515472e-01 1.000559e+00
6.666667e+02 9.436914e-01 8.908098e-01 7.940003e-01 1.000577e+00
6.676677e+02 9.308195e-01 8.666760e-01 7.515472e-01 1.000559e+00
6.686687e+02 9.436914e-01 8.908098e-01 7.940003e-01 1.000577e+00
6.696697e+02 9.308195e-01 8.666760e-01 7.515472e-01 1.000559e+00
6.706707e+02 9.436914e-01 8.908098e-01 7.940003e-01 1.000577e+00
6.716717e+02 9.308195e-01 8.666760e-01 7.515472e-01 1.000559e+00
6.726727e+02 9.416488e-01 8.869604e-01 7.871464e-01 1.000569e+00
6.736737e+02 9.372109e-01 8.786082e-01 7.723821e-01 1.000557e+00
6.746747e+02 9.372109e-01 8.786082e-01 7.723821e-01 1.000557e+00
6.756757e+02 9.372109e-01 8.786082e-01 7.723821e-01 1.000557e+00
6.766767e+02 9.379785e-01 8.800418e-01 7.748941e-01 1.000543e+00
6.776777e+02 9.379785e-01 8.800418e-01 7.748941e-01 1.000543e+00
6.786787e+02 9.379785e-01 8.800418e-01 7.748941e-01 1.000543e+00
6.796797e+02 9.379785e-01 8.800418e-01 7.748941e-01 1.000543e+00
6.806807e+02 9.438186e-01 8.910388e-01 7.943727e-01 1.000532e+00
6.816817e+02 9.323939e-01 8.696180e-01 7.566755e-01 1.000582e+00
6.826827e+02 9.369121e-01 8.780883e-01 7.714496e-01 1.000532e+00
6.836837e+02 9.438186e-01 8.910388e-01 7.943727e-01 1.000532e+00
6.846847e+02 9.323939e-01 8.696180e-01 7.566755e-01 1.000582e+00
6.856857e+02 9.369121e-01 8.780883e-01 7.714496e-01 1.000532e+00
6.866867e+02 9.438186e-01 8.910388e-01 7.943727e-01 1.000532e+00
6.876877e+02 9.323939e-01 8.696180e-01 7.566755e-01 1.000582e+00
6.886887e+02 9.372754e-01 8.787666e-01 7.726890e-01 1.000593e+00
6.896897e+02 9.372754e-01 8.787666e-01 7.726890e-01 1.000593e+00
6.906907e+02 9.372754e-01 8.787666e-01 7.726890e-01 1.000593e+00
6.916917e+02 9.372754e-01 8.787666e-01 7.726890e-01 1.000593e+00
6.926927e+02 9.370299e-01 8.783248e-01 7.718950e-01 1.000571e+00
6.936937e+02 9.428975e-01 8.893145e-01 7.913119e-01 1.000546e+00
6.946947e+02 9.314014e-01 8.677548e-01 7.534010e-01 1.000535e+00
6.956957e+02 9.394299e-01 8.827899e-01 7.797830e-01 1.000597e+00
6.966967e+02 9.314014e-01 8.677548e-01 7.534010e-01 1.000535e+00
6.976977e+02 9.394299e-01 8.827899e-01 7.797830e-01 1.000597e+00
6.986987e+02 9.314014e-01 8.677548e-01 7.534010e-01 1.000535e+00
6.996997e+02 9.373645e-01 8.789455e-01 7.729749e-01 1.000556e+00
7.007007e+02 9.373193e-01 8.788064e-01 7.727233e-01 1.000547e+00
7.017017e+02 9.373193e-01 8.788064e-01 7.727233e-01 1.000547e+00
7.027027e+02 9.373193e-01 8.788064e-01 7.727233e-01 1.000547e+00
7.037037e+02 9.373193e-01 8.788064e-01 7.727233e-01 1.000547e+00
7.047047e+02 9.373193e-01 8.788064e-01 7.727233e-01 1.000547e+00
7.057057e+02 9.373193e-01 8.788064e-01 7.727233e-01 1.000547e+00
7.067067e+02 9.373193e-01 8.788064e-01 7.727233e-01 1.000547e+00
7.077077e+02 9.373193e-01 8.788064e-01 7.727233e-01 1.000547e+00
7.087087e+02 9.373193e-01 8.788064e-01 7.727233e-01 1.000547e+00
7.097097e+02 9.371764e-01 8.785482e-01 7.722745e-01 1.000554e+00
7.107107e+02 9.371764e-01 8.785482e-01 7.722745e-01 1.000554e+00
7.117117e+02 9.371764e-01 8.785482e-01 7.722745e-01 1.000554e+00
7.127127e+02 9.371764e-01 8.785482e-01 7.722745e-01 1.000554e+00
7.137137e+02 9.371764e-01 8.785482e-01 7.722745e-01 1.000554e+00
7.147147e+02 9.371764e-01 8.785482e-01 7.722745e-01 1.000554e+00
7.157157e+02 9.371764e-01 8.785482e-01 7.722745e-01 1.000554e+00
7.167167e+02 9.371125e-01 8.784314e-01 7.720629e-01 1.000546e+00
7.177177e+02 9.371125e-01 8.784314e-01 7.720629e-01 1.000546e+00
7.187187e+02 9.371125e-01 8.784314e-01 7.720629e-01 1.000546e+00
7.197197e+02 9.371125e-01 8.784314e-01 7.720629e-01 1.000546e+00
7.207207e+02 9.371125e-01 8.784314e-01 7.720629e-01 1.000546e+00
7.217217e+02 9.371125e-01 8.784314e-01 7.720629e-01 1.000546e+00
7.227227e+02 9.371125e-01 8.784314e-01 7.720629e-01 1.000546e+00
7.237237e+02 9.371125e-01 8.784314e-01 7.720629e-01 1.000546e+00
7.247247e+02 9.371125e-01 8.784314e-01 7.720629e-01 1.000546e+00
7.257257e+02 9.376896e-01 8.795179e-01 7.739849e-01 1.000560e+00
7.267267e+02 9.373434e-01 8.789238e-01 7.729648e-01 1.000592e+00
7.277277e+02 9.373568e-01 8.789412e-01 7.729718e-01 1.000562e+00
7.287287e+02 9.373434e-01 8.789238e-01 7.729648e-01 1.000592e+00
7.297297e+02 9.373568e-01 8.789412e-01 7.729718e-01 1.000562e+00
7.307307e+02 9.393291e-01 8.826135e-01 7.794208e-01 1.000532e+00
7.317317e+02 9.371875e-01 8.786029e-01 7.723458e-01 1.000522e+00
7.327327e+02 9.375719e-01 8.792894e-01 7.736018e-01 1.000585e+00
7.337337e+02 9.375719e-01 8.792894e-01 7.736018e-01 1.000585e+00
7.347347e+02 9.375719e-01 8.792894e-01 7.736018e-01 1.000585e+00
7.357357e+02 9.375719e-01 8.792894e-01 7.736018e-01 1.000585e+00
7.367367e+02 9.375719e-01 8.792894e-01 7.736018e-01 1.000585e+00
7.377377e+02 9.426496e-01 8.888440e-01 7.904574e-01 1.000524e+00
7.387387e+02 9.319000e-01 8.686934e-01 7.550322e-01 1.000535e+00
7.397397e+02 9.374570e-01 8.790639e-01 7.731503e-01 1.000514e+00
7.407407e+02 9.374570e-01 8.790639e-01 7.731503e-01 1.000514e+00
7.417417e+02 9.374570e-01 8.790639e-01 7.731503e-01 1.000514e+00
7.427427e+02 9.374570e-01 8.790639e-01 7.731503e-01 1.000514e+00
7.437437e+02 9.374570e-01 8.790639e-01 7.731503e-01 1.000514e+00
7.447447e+02 9.437910e-01 8.910167e-01 7.943756e-01 1.000585e+00
7.457457e+02 9.321643e-01 8.691805e-01 7.558987e-01 1.000561e+00
7.467467e+02 9.367346e-01 8.777670e-01 7.708947e-01 1.000545e+00
7.477477e+02 9.437676e-01 8.909731e-01 7.943014e-01 1.000590e+00
7.487487e+02 9.321643e-01 8.691805e-01 7.558987e-01 1.000561e+00
7.497497e+02 9.376750e-01 8.794694e-01 7.738850e-01 1.000541e+00
7.507508e+02 9.376750e-01 8.794694e-01 7.738850e-01 1.000541e+00
7.517518e+02 9.376750e-01 8.794694e-01 7.738850e-01 1.000541e+00
7.527528e+02 9.376750e-01 8.794694e-01 7.738850e-01 1.000541e+00
7.537538e+02 9.376750e-01 8.794694e-01 7.738850e-01 1.000541e+00
7.547548e+02 9.376750e-01 8.794694e-01 7.738850e-01 1.000541e+00
7.557558e+02 9.376750e-01 8.794694e-01 7.738850e-01 1.000541e+00
7.567568e+02 9.376750e-01 8.794694e-01 7.738850e-01 1.000541e+00
7.577578e+02 9.376750e-01 8.794694e-01 7.738850e-01 1.000541e+00
7.587588e+02 9.376750e-01 8.794694e-01 7.738850e-01 1.000541e+00
7.597598e+02 9.371131e-01 8.784262e-01 7.720689e-01 1.000565e+00
7.607608e+02 9.371072e-01 8.784323e-01 7.720566e-01 1.000536e+00
7.617618e+02 9.371072e-01 8.784323e-01 7.720566e-01 1.000536e+00
7.627628e+02 9.371072e-01 8.784323e-01 7.720566e-01 1.000536e+00
7.637638e+02 9.371072e-01 8.784323e-01 7.720566e-01 1.000536e+00
7.647648e+02 9.371072e-01 8.784323e-01 7.720566e-01 1.000536e+00
7.657658e+02 9.371072e-01 8.784323e-01 7.720566e-01 1.000536e+00
7.667668e+02 9.371072e-01 8.784323e-01 7.720566e-01 1.000536e+00
7.677678e+02 9.371072e-01 8.784323e-01 7.720566e-01 1.000536e+00
7.687688e+02 9.371072e-01 8.784323e-01 7.720566e-01 1.000536e+00
7.697698e+02 9.371072e-01 8.784323e-01 7.720566e-01 1.000536e+00
7.707708e+02 9.371072e-01 8.784323e-01 7.720566e-01 1.000536e+00
7.717718e+02 9.371072e-01 8.784323e-01 7.720566e-01 1.000536e+00
7.727728e+02 9.371072e-01 8.784323e-01 7.720566e-01 1.000536e+00
7.737738e+02 9.371072e-01 8.784323e-01 7.720566e-01 1.000536e+00
7.747748e+02 9.371072e-01 8.784323e-01 7.720566e-01 1.000536e+00
7.757758e+02 9.385182e-01 8.811101e-01 7.767824e-01 1.000551e+00
7.767768e+02 9.426953e-01 8.889305e-01 7.906230e-01 1.000539e+00
7.777778e+02 9.381338e-01 8.803224e-01 7.753648e-01 1.000513e+00
7.787788e+02 9.381338e-01 8.803224e-01 7.753648e-01 1.000513e+00
7.797798e+02 9.381338e-01 8.803224e-01 7.753648e-01 1.000513e+00
7.807808e+02 9.381338e-01 8.803224e-01 7.753648e-01 1.000513e+00
7.817818e+02 9.381338e-01 8.803224e-01 7.753648e-01 1.000513e+00
7.827828e+02 9.381338e-01 8.803224e-01 7.753648e-01 1.000513e+00
7.837838e+02 9.381338e-01 8.803224e-01 7.753648e-01 1.000513e+00
7.847848e+02 9.333373e-01 8.713913e-01 7.597822e-01 1.000605e+00
7.857858e+02 9.369736e-01 8.781572e-01 7.715785e-01 1.000543e+00
7.867868e+02 9.369736e-01 8.781572e-01 7.715785e-01 1.000543e+00
7.877878e+02 9.369736e-01 8.781572e-01 7.715785e-01 1.000543e+00
7.887888e+02 9.369736e-01 8.781572e-01 7.715785e-01 1.000543e+00
7.897898e+02 9.369736e-01 8.781572e-01 7.715785e-01 1.000543e+00
7.907908e+02 9.369736e-01 8.781572e-01 7.715785e-01 1.000543e+00
7.917918e+02 9.369736e-01 8.781572e-01 7.715785e-01 1.000543e+00
7.927928e+02 9.369736e-01 8.781572e-01 7.715785e-01 1.000543e+00
7.937938e+02 9.430715e-01 8.896413e-01 7.918825e-01 1.000532e+00
7.947948e+02 9.319604e-01 8.687929e-01 7.552010e-01 1.000530e+00
7.957958e+02 9.430715e-01 8.896413e-01 7.918825e-01 1.000532e+00
7.967968e+02 9.319604e-01 8.687929e-01 7.552010e-01 1.000530e+00
7.977978e+02 9.430715e-01 8.896413e-01 7.918825e-01 1.000532e+00
7.987988e+02 9.318713e-01 8.686271e-01 7.549195e-01 1.000539e+00
7.997998e+02 9.430715e-01 8.896413e-01 7.918825e-01 1.000532e+00
8.008008e+02 9.318713e-01 8.686271e-01 7.549195e-01 1.000539e+00
8.018018e+02 9.430715e-01 8.896413e-01 7.918825e-01 1.000532e+00
8.028028e+02 9.318713e-01 8.686271e-01 7.549195e-01 1.000539e+00
8.038038e+02 9.430715e-01 8.896413e-01 7.918825e-01 1.000532e+00
8.048048e+02 9.315350e-01 8.680109e-01 7.538769e-01 1.000576e+00
8.058058e+02 9.377113e-01 8.795403e-01 7.740079e-01 1.000539e+00
8.068068e+02 9.433053e-01 8.900778e-01 7.926571e-01 1.000528e+00
8.078078e+02 9.315350e-01 8.680109e-01 7.538769e-01 1.000576e+00
8.088088e+02 9.433053e-01 8.900778e-01 7.926571e-01 1.000528e+00
8.098098e+02 9.315350e-01 8.680109e-01 7.538769e-01 1.000576e+00
8.108108e+02 9.433053e-01 8.900778e-01 7.926571e-01 1.000528e+00
8.118118e+02 9.323529e-01 8.695301e-01 7.565028e-01 1.000556e+00
8.128128e+02 9.372736e-01 8.787158e-01 7.725536e-01 1.000534e+00
8.138138e+02 9.372736e-01 8.787158e-01 7.725536e-01 1.000534e+00
8.148148e+02 9.372736e-01 8.787158e-01 7.725536e-01 1.000534e+00
8.158158e+02 9.372736e-01 8.787158e-01 7.725536e-01 1.000534e+00
8.168168e+02 9.380529e-01 8.802133e-01 7.752007e-01 1.000549e+00
8.178178e+02 9.372660e-01 8.787556e-01 7.726155e-01 1.000523e+00
8.188188e+02 9.380529e-01 8.802133e-01 7.752007e-01 1.000549e+00
8.198198e+02 9.372660e-01 8.787556e-01 7.726155e-01 1.000523e+00
8.208208e+02 9.380529e-01 8.802133e-01 7.752007e-01 1.000549e+00
8.218218e+02 9.372660e-01 8.787556e-01 7.726155e-01 1.000523e+00
8.228228e+02 9.380529e-01 8.802133e-01 7.752007e-01 1.000549e+00
8.238238e+02 9.372660e-01 8.787556e-01 7.726155e-01 1.000523e+00
8.248248e+02 9.374535e-01 8.790970e-01 7.732490e-01 1.000566e+00
8.258258e+02 9.374535e-01 8.790970e-01 7.732490e-01 1.000566e+00
8.268268e+02 9.374535e-01 8.790970e-01 7.732490e-01 1.000566e+00
8.278278e+02 9.374535e-01 8.790970e-01 7.732490e-01 1.000566e+00
8.288288e+02 9.374535e-01 8.790970e-01 7.732490e-01 1.000566e+00
8.298298e+02 9.374535e-01 8.790970e-01 7.732490e-01 1.000566e+00
8.308308e+02 9.374535e-01 8.790970e-01 7.732490e-01 1.000566e+00
8.318318e+02 9.428113e-01 8.891637e-01 7.910641e-01 1.000572e+00
8.328328e+02 9.310533e-01 8.671156e-01 7.523178e-01 1.000570e+00
8.338338e+02 9.428113e-01 8.891637e-01 7.910641e-01 1.000572e+00
8.348348e+02 9.376492e-01 8.794345e-01 7.738338e-01 1.000554e+00
8.358358e+02 9.376492e-01 8.794345e-01 7.738338e-01 1.000554e+00
8.368368e+02 9.376492e-01 8.794345e-01 7.738338e-01 1.000554e+00
8.378378e+02 9.376492e-01 8.794345e-01 7.738338e-01 1.000554e+00
8.388388e+02 9.376492e-01 8.794345e-01 7.738338e-01 1.000554e+00
8.398398e+02 9.376492e-01 8.794345e-01 7.738338e-01 1.000554e+00
8.408408e+02 9.376492e-01 8.794345e-01 7.738338e-01 1.000554e+00
8.418418e+02 9.376492e-01 8.794345e-01 7.738338e-01 1.000554e+00
8.428428e+02 9.376492e-01 8.794345e-01 7.738338e-01 1.000554e+00
8.438438e+02 9.376492e-01 8.794345e-01 7.738338e-01 1.000554e+00
8.448448e+02 9.376492e-01 8.794345e-01 7.738338e-01 1.000554e+00
8.458458e+02 9.376492e-01 8.794345e-01 7.738338e-01 1.000554e+00
8.468468e+02 9.376492e-01 8.794345e-01 7.738338e-01 1.000554e+00
8.478478e+02 9.317277e-01 8.683689e-01 7.544707e-01 1.000538e+00
8.488488e+02 9.368670e-01 8.780203e-01 7.713668e-01 1.000580e+00
8.498498e+02 9.372912e-01 8.788141e-01 7.727670e-01 1.000586e+00
8.508509e+02 9.368670e-01 8.780203e-01 7.713668e-01 1.000580e+00
8.518519e+02 9.367949e-01 8.778747e-01 7.711018e-01 1.000568e+00
8.528529e+02 9.425260e-01 8.886262e-01 7.900989e-01 1.000560e+00
8.538539e+02 9.387437e-01 8.815259e-01 7.775247e-01 1.000562e+00
8.548549e+02 9.425260e-01 8.886262e-01 7.900989e-01 1.000560e+00
8.558559e+02 9.387437e-01 8.815259e-01 7.775247e-01 1.000562e+00
8.568569e+02 9.410910e-01 8.859198e-01 7.852727e-01 1.000534e+00
8.578579e+02 9.413488e-01 8.863846e-01 7.861097e-01 1.000550e+00
8.588589e+02 9.413488e-01 8.863846e-01 7.861097e-01 1.000550e+00
8.598599e+02 9.413488e-01 8.863846e-01 7.861097e-01 1.000550e+00
8.608609e+02 9.413488e-01 8.863846e-01 7.861097e-01 1.000550e+00
8.618619e+02 9.413488e-01 8.863846e-01 7.861097e-01 1.000550e+00
8.628629e+02 9.413488e-01 8.863846e-01 7.861097e-01 1.000550e+00
8.638639e+02 9.413488e-01 8.863846e-01 7.861097e-01 1.000550e+00
8.648649e+02 9.413488e-01 8.863846e-01 7.861097e-01 1.000550e+00
8.658659e+02 9.413488e-01 8.863846e-01 7.861097e-01 1.000550e+00
8.668669e+02 9.413266e-01 8.863410e-01 7.860351e-01 1.000553e+00
8.678679e+02 9.413266e-01 8.863410e-01 7.860351e-01 1.000553e+00
8.688689e+02 9.413266e-01 8.863410e-01 7.860351e-01 1.000553e+00
8.698699e+02 9.413266e-01 8.863410e-01 7.860351e-01 1.000553e+00
8.708709e+02 9.413266e-01 8.863410e-01 7.860351e-01 1.000553e+00
8.718719e+02 9.413266e-01 8.863410e-01 7.860351e-01 1.000553e+00
8.728729e+02 9.413266e-01 8.863410e-01 7.860351e-01 1.000553e+00
8.738739e+02 9.413266e-01 8.863410e-01 7.860351e-01 1.000553e+00
8.748749e+02 9.378643e-01 8.798732e-01 7.746301e-01 1.000585e+00
8.758759e+02 9.438379e-01 8.910986e-01 7.945113e-01 1.000572e+00
8.768769e+02 9.322645e-01 8.693884e-01 7.562814e-01 1.000589e+00
8.778779e+02 9.439064e-01 8.912168e-01 7.947036e-01 1.000549e+00
8.788789e+02 9.322645e-01 8.693884e-01 7.562814e-01 1.000589e+00
8.798799e+02 9.439064e-01 8.912168e-01 7.947036e-01 1.000549e+00
8.808809e+02 9.322645e-01 8.693884e-01 7.562814e-01 1.000589e+00
8.818819e+02 9.376773e-01 8.795050e-01 7.739726e-01 1.000573e+00
8.828829e+02 9.438379e-01 8.910986e-01 7.945113e-01 1.000572e+00
8.838839e+02 9.322645e-01 8.693884e-01 7.562814e-01 1.000589e+00
8.848849e+02 9.376773e-01 8.795050e-01 7.739726e-01 1.000573e+00
8.858859e+02 9.427979e-01 8.891372e-01 7.910309e-01 1.000589e+00
8.868869e+02 9.337674e-01 8.721783e-01 7.611646e-01 1.000617e+00
8.878879e+02 9.337674e-01 8.721783e-01 7.611646e-01 1.000617e+00
8.888889e+02 9.337674e-01 8.721783e-01 7.611646e-01 1.000617e+00
8.898899e+02 9.337674e-01 8.721783e-01 7.611646e-01 1.000617e+00
8.908909e+02 9.337674e-01 8.721783e-01 7.611646e-01 1.000617e+00
8.918919e+02 9.337674e-01 8.721783e-01 7.611646e-01 1.000617e+00
8.928929e+02 9.337674e-01 8.721783e-01 7.611646e-01 1.000617e+00
8.938939e+02 9.337674e-01 8.721783e-01 7.611646e-01 1.000617e+00
8.948949e+02 9.337674e-01 8.721783e-01 7.611646e-01 1.000617e+00
8.958959e+02 9.317102e-01 8.683440e-01 7.544474e-01 1.000565e+00
8.968969e+02 9.372104e-01 8.785918e-01 7.723192e-01 1.000513e+00
8.978979e+02 9.372104e-01 8.785918e-01 7.723192e-01 1.000513e+00
8.988989e+02 9.372104e-01 8.785918e-01 7.723192e-01 1.000513e+00
8.998999e+02 9.372104e-01 8.785918e-01 7.723192e-01 1.000513e+00
9.009009e+02 9.372104e-01 8.785918e-01 7.723192e-01 1.000513e+00
9.019019e+02 9.372104e-01 8.785918e-01 7.723192e-01 1.000513e+00
9.029029e+02 9.372104e-01 8.785918e-01 7.723192e-01 1.000513e+00
9.039039e+02 9.372104e-01 8.785918e-01 7.723192e-01 1.000513e+00
9.049049e+02 9.372104e-01 8.785918e-01 7.723192e-01 1.000513e+00
9.059059e+02 9.372104e-01 8.785918e-01 7.723192e-01 1.000513e+00
9.069069e+02 9.374787e-01 8.791628e-01 7.733745e-01 1.000579e+00
9.079079e+02 9.374863e-01 8.791249e-01 7.732994e-01 1.000568e+00
9.089089e+02 9.374863e-01 8.791249e-01 7.732994e-01 1.000568e+00
9.099099e+02 9.433826e-01 8.902435e-01 7.929919e-01 1.000578e+00
9.109109e+02 9.311025e-01 8.672126e-01 7.524964e-01 1.000583e+00
9.119119e+02 9.433826e-01 8.902435e-01 7.929919e-01 1.000578e+00
9.129129e+02 9.311025e-01 8.672126e-01 7.524964e-01 1.000583e+00
9.139139e+02 9.433604e-01 8.901750e-01 7.928422e-01 1.000544e+00
9.149149e+02 9.318795e-01 8.686606e-01 7.550142e-01 1.000587e+00
9.159159e+02 9.433604e-01 8.901750e-01 7.928422e-01 1.000544e+00
9.169169e+02 9.318795e-01 8.686606e-01 7.550142e-01 1.000587e+00
9.179179e+02 9.434049e-01 8.902871e-01 7.930751e-01 1.000585e+00
9.189189e+02 9.311459e-01 8.672949e-01 7.526160e-01 1.000552e+00
9.199199e+02 9.435004e-01 8.904580e-01 7.933812e-01 1.000587e+00
9.209209e+02 9.311459e-01 8.672949e-01 7.526160e-01 1.000552e+00
9.219219e+02 9.435004e-01 8.904580e-01 7.933812e-01 1.000587e+00
9.229229e+02 9.311459e-01 8.672949e-01 7.526160e-01 1.000552e+00
9.239239e+02 9.435004e-01 8.904580e-01 7.933812e-01 1.000587e+00
9.249249e+02 9.311459e-01 8.672949e-01 7.526160e-01 1.000552e+00
9.259259e+02 9.435004e-01 8.904580e-01 7.933812e-01 1.000587e+00
9.269269e+02 9.311459e-01 8.672949e-01 7.526160e-01 1.000552e+00
9.279279e+02 9.435004e-01 8.904580e-01 7.933812e-01 1.000587e+00
9.289289e+02 9.316979e-01 8.683133e-01 7.543933e-01 1.000564e+00
9.299299e+02 9.435004e-01 8.904580e-01 7.933812e-01 1.000587e+00
9.309309e+02 9.316979e-01 8.683133e-01 7.543933e-01 1.000564e+00
9.319319e+02 9.435004e-01 8.904580e-01 7.933812e-01 1.000587e+00
9.329329e+02 9.316979e-01 8.683133e-01 7.543933e-01 1.000564e+00
9.339339e+02 9.378748e-01 8.798962e-01 7.746584e-01 1.000570e+00
9.349349e+02 9.431307e-01 8.897616e-01 7.921307e-01 1.000575e+00
9.359359e+02 9.381807e-01 8.804290e-01 7.755814e-01 1.000550e+00
9.369369e+02 9.381807e-01 8.804290e-01 7.755814e-01 1.000550e+00
9.379379e+02 9.381807e-01 8.804290e-01 7.755814e-01 1.000550e+00
9.389389e+02 9.383564e-01 8.807629e-01 7.761804e-01 1.000563e+00
9.399399e+02 9.376521e-01 8.794326e-01 7.738189e-01 1.000539e+00
9.409409e+02 9.376521e-01 8.794326e-01 7.738189e-01 1.000539e+00
9.419419e+02 9.376521e-01 8.794326e-01 7.738189e-01 1.000539e+00
9.429429e+02 9.376521e-01 8.794326e-01 7.738189e-01 1.000539e+00
9.439439e+02 9.376521e-01 8.794326e-01 7.738189e-01 1.000539e+00
9.449449e+02 9.376521e-01 8.794326e-01 7.738189e-01 1.000539e+00
9.459459e+02 9.376521e-01 8.794326e-01 7.738189e-01 1.000539e+00
9.469469e+02 9.376521e-01 8.794326e-01 7.738189e-01 1.000539e+00
9.479479e+02 9.376521e-01 8.794326e-01 7.738189e-01 1.000539e+00
9.489489e+02 9.376521e-01 8.794326e-01 7.738189e-01 1.000539e+00
9.499499e+02 9.376521e-01 8.794326e-01 7.738189e-01 1.000539e+00
9.509510e+02 9.376521e-01 8.794326e-01 7.738189e-01 1.000539e+00
9.519520e+02 9.376521e-01 8.794326e-01 7.738189e-01 1.000539e+00
9.529530e+02 9.376521e-01 8.794326e-01 7.738189e-01 1.000539e+00
9.539540e+02 9.376521e-01 8.794326e-01 7.738189e-01 1.000539e+00
9.549550e+02 9.376521e-01 8.794326e-01 7.738189e-01 1.000539e+00
9.559560e+02 9.376521e-01 8.794326e-01 7.738189e-01 1.000539e+00
9.569570e+02 9.376521e-01 8.794326e-01 7.738189e-01 1.000539e+00
9.579580e+02 9.376521e-01 8.794326e-01 7.738189e-01 1.000539e+00
9.589590e+02 9.376521e-01 8.794326e-01 7.738189e-01 1.000539e+00
9.599600e+02 9.376521e-01 8.794326e-01 7.738189e-01 1.000539e+00
9.609610e+02 9.321537e-01 8.691511e-01 7.558425e-01 1.000555e+00
9.619620e+02 9.372438e-01 8.786774e-01 7.725230e-01 1.000582e+00
9.629630e+02 9.372438e-01 8.786774e-01 7.725230e-01 1.000582e+00
9.639640e+02 9.372438e-01 8.786774e-01 7.725230e-01 1.000582e+00
9.649650e+02 9.372438e-01 8.786774e-01 7.725230e-01 1.000582e+00
9.659660e+02 9.372438e-01 8.786774e-01 7.725230e-01 1.000582e+00
9.669670e+02 9.372438e-01 8.786774e-01 7.725230e-01 1.000582e+00
9.679680e+02 9.372438e-01 8.786774e-01 7.725230e-01 1.000582e+00
9.689690e+02 9.372438e-01 8.786774e-01 7.725230e-01 1.000582e+00
9.699700e+02 9.372438e-01 8.786774e-01 7.725230e-01 1.000582e+00
9.709710e+02 9.372438e-01 8.786774e-01 7.725230e-01 1.000582e+00
9.719720e+02 9.372438e-01 8.786774e-01 7.725230e-01 1.000582e+00
9.729730e+02 9.372438e-01 8.786774e-01 7.725230e-01 1.000582e+00
9.739740e+02 9.372438e-01 8.786774e-01 7.725230e-01 1.000582e+00
9.749750e+02 9.372438e-01 8.786774e-01 7.725230e-01 1.000582e+00
9.759760e+02 9.372438e-01 8.786774e-01 7.725230e-01 1.000582e+00
9.769770e+02 9.372438e-01 8.786774e-01 7.725230e-01 1.000582e+00
9.779780e+02 9.372438e-01 8.786774e-01 7.725230e-01 1.000582e+00
9.789790e+02 9.372438e-01 8.786774e-01 7.725230e-01 1.000582e+00
9.799800e+02 9.372438e-01 8.786774e-01 7.725230e-01 1.000582e+00
9.809810e+02 9.375473e-01 8.792452e-01 7.735084e-01 1.000564e+00
9.819820e+02 9.375473e-01 8.792452e-01 7.735084e-01 1.000564e+00
9.829830e+02 9.375473e-01 8.792452e-01 7.735084e-01 1.000564e+00
9.839840e+02 9.375473e-01 8.792452e-01 7.735084e-01 1.000564e+00
9.849850e+02 9.428178e-01 8.891734e-01 7.910773e-01 1.000567e+00
9.859860e+02 9.377389e-01 8.795896e-01 7.741010e-01 1.000547e+00
9.869870e+02 9.377389e-01 8.795896e-01 7.741010e-01 1.000547e+00
9.879880e+02 9.377389e-01 8.795896e-01 7.741010e-01 1.000547e+00
9.889890e+02 9.377389e-01 8.795896e-01 7.741010e-01 1.000547e+00
9.899900e+02 9.377389e-01 8.795896e-01 7.741010e-01 1.000547e+00
9.909910e+02 9.377389e-01 8.795896e-01 7.741010e-01 1.000547e+00
9.919920e+02 9.377389e-01 8.795896e-01 7.741010e-01 1.000547e+00
9.929930e+02 9.377389e-01 8.795896e-01 7.741010e-01 1.000547e+00
9.939940e+02 9.377389e-01 8.795896e-01 7.741010e-01 1.000547e+00
9.949950e+02 9.377389e-01 8.795896e-01 7.741010e-01 1.000547e+00
9.959960e+02 9.377389e-01 8.795896e-01 7.741010e-01 1.000547e+00
9.969970e+02 9.377389e-01 8.795896e-01 7.741010e-01 1.000547e+00
9.979980e+02 9.377389e-01 8.795896e-01 7.741010e-01 1.000547e+00
9.989990e+02 9.377389e-01 8.795896e-01 7.741010e-01 1.000547e+00
1.000000e+03 9.377389e-01 8.795896e-01 7.741010e-01 1.000547e+00