T/J Real part of <m> <|m|^2> <|m|^4>
0.000000e+00 9.336004e-01 8.760195e-01 7.750980e-01 1.010018e+00
2.002002e-03 9.336004e-01 8.760195e-01 7.750980e-01 1.010018e+00
4.004004e-03 9.336004e-01 8.760195e-01 7.750980e-01 1.010018e+00
6.006006e-03 9.336004e-01 8.760195e-01 7.750980e-01 1.010018e+00
8.008008e-03 9.336004e-01 8.760195e-01 7.750980e-01 1.010018e+00
1.001001e-02 9.336004e-01 8.760195e-01 7.750980e-01 1.010018e+00
1.201201e-02 9.336004e-01 8.760195e-01 7.750980e-01 1.010018e+00
1.401401e-02 9.336004e-01 8.760195e-01 7.750980e-01 1.010018e+00
1.601602e-02 9.336004e-01 8.760195e-01 7.750980e-01 1.010018e+00
1.801802e-02 9.336004e-01 8.760195e-01 7.750980e-01 1.010018e+00
2.002002e-02 9.336004e-01 8.760195e-01 7.750980e-01 1.010018e+00
2.202202e-02 9.336004e-01 8.760195e-01 7.750980e-01 1.010018e+00
2.402402e-02 9.336004e-01 8.760195e-01 7.750980e-01 1.010018e+00
2.602603e-02 9.336004e-01 8.760195e-01 7.750980e-01 1.010018e+00
2.802803e-02 9.336004e-01 8.760195e-01 7.750980e-01 1.010018e+00
3.003003e-02 9.336004e-01 8.760195e-01 7.750980e-01 1.010018e+00
3.203203e-02 9.336004e-01 8.760195e-01 7.750980e-01 1.010018e+00
3.403403e-02 9.336004e-01 8.760195e-01 7.750980e-01 1.010018e+00
3.603604e-02 9.336004e-01 8.760195e-01 7.750980e-01 1.010018e+00
3.803804e-02 9.336004e-01 8.760195e-01 7.750980e-01 1.010018e+00
4.004004e-02 9.336004e-01 8.760195e-01 7.750980e-01 1.010018e+00
4.204204e-02 9.336004e-01 8.760195e-01 7.750980e-01 1.010018e+00
4.404404e-02 9.336004e-01 8.760195e-01 7.750980e-01 1.010018e+00
4.604605e-02 9.336004e-01 8.760195e-01 7.750980e-01 1.010018e+00
4.804805e-02 9.336004e-01 8.760195e-01 7.750980e-01 1.010018e+00
5.005005e-02 9.336004e-01 8.760195e-01 7.750980e-01 1.010018e+00
5.205205e-02 9.336004e-01 8.760195e-01 7.750980e-01 1.010018e+00
5.405405e-02 9.336004e-01 8.760195e-01 7.750980e-01 1.010018e+00
5.605606e-02 9.336004e-01 8.760195e-01 7.750980e-01 1.010018e+00
5.805806e-02 9.336004e-01 8.760195e-01 7.750980e-01 1.010018e+00
6.006006e-02 9.336004e-01 8.760195e-01 7.750980e-01 1.010018e+00
6.206206e-02 9.336004e-01 8.760195e-01 7.750980e-01 1.010018e+00
6.406406e-02 9.336004e-01 8.760195e-01 7.750980e-01 1.010018e+00
6.606607e-02 9.336004e-01 8.760195e-01 7.750980e-01 1.010018e+00
6.806807e-02 9.336004e-01 8.760195e-01 7.750980e-01 1.010018e+00
7.007007e-02 9.336004e-01 8.760195e-01 7.750980e-01 1.010018e+00
7.207207e-02 9.336004e-01 8.760195e-01 7.750980e-01 1.010018e+00
7.407407e-02 9.335904e-01 8.760009e-01 7.750643e-01 1.010017e+00
7.607608e-02 9.394598e-01 8.870059e-01 7.945642e-01 1.009895e+00
7.807808e-02 9.335904e-01 8.760009e-01 7.750643e-01 1.010017e+00
8.008008e-02 9.394498e-01 8.869871e-01 7.945298e-01 1.009893e+00
8.208208e-02 9.394492e-01 8.869860e-01 7.945274e-01 1.009893e+00
8.408408e-02 9.394598e-01 8.870059e-01 7.945642e-01 1.009895e+00
8.608609e-02 9.335910e-01 8.760010e-01 7.750628e-01 1.010015e+00
8.808809e-02 9.394486e-01 8.869847e-01 7.945251e-01 1.009893e+00
9.009009e-02 9.394498e-01 8.869871e-01 7.945298e-01 1.009893e+00
9.209209e-02 9.394639e-01 8.870128e-01 7.945754e-01 1.009893e+00
9.409409e-02 9.335969e-01 8.760121e-01 7.750829e-01 1.010015e+00
9.609610e-02 9.335969e-01 8.760122e-01 7.750832e-01 1.010015e+00
9.809810e-02 9.335922e-01 8.760029e-01 7.750663e-01 1.010015e+00
1.001001e-01 9.335928e-01 8.760031e-01 7.750648e-01 1.010012e+00
1.021021e-01 9.394598e-01 8.870049e-01 7.945597e-01 1.009891e+00
1.041041e-01 9.335963e-01 8.760106e-01 7.750790e-01 1.010014e+00
1.061061e-01 9.394439e-01 8.869742e-01 7.945030e-01 1.009889e+00
1.081081e-01 9.394428e-01 8.869727e-01 7.945014e-01 1.009890e+00
1.101101e-01 9.394480e-01 8.869820e-01 7.945166e-01 1.009888e+00
1.121121e-01 9.394691e-01 8.870176e-01 7.945739e-01 1.009880e+00
1.141141e-01 9.394428e-01 8.869655e-01 7.944766e-01 1.009875e+00
1.161161e-01 9.394492e-01 8.869775e-01 7.944971e-01 1.009874e+00
1.181181e-01 9.394738e-01 8.870240e-01 7.945819e-01 1.009876e+00
1.201201e-01 9.394715e-01 8.870177e-01 7.945671e-01 1.009871e+00
1.221221e-01 9.335816e-01 8.759762e-01 7.750068e-01 1.009999e+00
1.241241e-01 9.394797e-01 8.870327e-01 7.945922e-01 1.009869e+00
1.261261e-01 9.394545e-01 8.869804e-01 7.944929e-01 1.009862e+00
1.281281e-01 9.394281e-01 8.869329e-01 7.944084e-01 1.009863e+00
1.301301e-01 9.394650e-01 8.870037e-01 7.945392e-01 1.009868e+00
1.321321e-01 9.336062e-01 8.760141e-01 7.750591e-01 1.009980e+00
1.341341e-01 9.335951e-01 8.759896e-01 7.750070e-01 1.009968e+00
1.361361e-01 9.394879e-01 8.870369e-01 7.945803e-01 1.009844e+00
1.381381e-01 9.336309e-01 8.760544e-01 7.751223e-01 1.009969e+00
1.401401e-01 9.335711e-01 8.759370e-01 7.749042e-01 1.009956e+00
1.421421e-01 9.394111e-01 8.868786e-01 7.942753e-01 1.009817e+00
1.441441e-01 9.335477e-01 8.758803e-01 7.747841e-01 1.009930e+00
1.461461e-01 9.394797e-01 8.869983e-01 7.944732e-01 1.009796e+00
1.481481e-01 9.335805e-01 8.759390e-01 7.748821e-01 1.009922e+00
1.501502e-01 9.393971e-01 8.868424e-01 7.941889e-01 1.009790e+00
1.521522e-01 9.394832e-01 8.869885e-01 7.944253e-01 1.009757e+00
1.541542e-01 9.394820e-01 8.869987e-01 7.944651e-01 1.009785e+00
1.561562e-01 9.394861e-01 8.869941e-01 7.944357e-01 1.009758e+00
1.581582e-01 9.394820e-01 8.869841e-01 7.944140e-01 1.009753e+00
1.601602e-01 9.394891e-01 8.869866e-01 7.944017e-01 1.009732e+00
1.621622e-01 9.394375e-01 8.868828e-01 7.942018e-01 1.009714e+00
1.641642e-01 9.394797e-01 8.869571e-01 7.943254e-01 1.009702e+00
1.661662e-01 9.394598e-01 8.869106e-01 7.942254e-01 1.009681e+00
1.681682e-01 9.335916e-01 8.759009e-01 7.747123e-01 1.009789e+00
1.701702e-01 9.335465e-01 8.758185e-01 7.745655e-01 1.009787e+00
1.721722e-01 9.393760e-01 8.867370e-01 7.938837e-01 1.009642e+00
1.741742e-01 9.395178e-01 8.869937e-01 7.943337e-01 1.009629e+00
1.761762e-01 9.394504e-01 8.868527e-01 7.940531e-01 1.009593e+00
1.781782e-01 9.394076e-01 8.867773e-01 7.939252e-01 1.009603e+00
1.801802e-01 9.395318e-01 8.869958e-01 7.942966e-01 1.009577e+00
1.821822e-01 9.393262e-01 8.866085e-01 7.935913e-01 1.009562e+00
1.841842e-01 9.394094e-01 8.867372e-01 7.937773e-01 1.009506e+00
1.861862e-01 9.335693e-01 8.757754e-01 7.743426e-01 1.009596e+00
1.881882e-01 9.336484e-01 8.759165e-01 7.745924e-01 1.009596e+00
1.901902e-01 9.335805e-01 8.757571e-01 7.742508e-01 1.009519e+00
1.921922e-01 9.396156e-01 8.870702e-01 7.942885e-01 1.009398e+00
1.941942e-01 9.336115e-01 8.758102e-01 7.743259e-01 1.009494e+00
1.961962e-01 9.394322e-01 8.867523e-01 7.937544e-01 1.009442e+00
1.981982e-01 9.337018e-01 8.759828e-01 7.746493e-01 1.009518e+00
2.002002e-01 9.393438e-01 8.865521e-01 7.933359e-01 1.009366e+00
2.022022e-01 9.334568e-01 8.754675e-01 7.736305e-01 1.009377e+00
2.042042e-01 9.336039e-01 8.757366e-01 7.740996e-01 1.009369e+00
2.062062e-01 9.336637e-01 8.758262e-01 7.742205e-01 1.009320e+00
2.082082e-01 9.395553e-01 8.868614e-01 7.937422e-01 1.009178e+00
2.102102e-01 9.337539e-01 8.759508e-01 7.743637e-01 1.009219e+00
2.122122e-01 9.393859e-01 8.865058e-01 7.930350e-01 1.009088e+00
2.142142e-01 9.334357e-01 8.753347e-01 7.732257e-01 1.009155e+00
2.162162e-01 9.394240e-01 8.865679e-01 7.931249e-01 1.009062e+00
2.182182e-01 9.395043e-01 8.866886e-01 7.932926e-01 1.009000e+00
2.202202e-01 9.335957e-01 8.755800e-01 7.735720e-01 1.009042e+00
2.222222e-01 9.337498e-01 8.758388e-01 7.739888e-01 1.008989e+00
2.242242e-01 9.395242e-01 8.866505e-01 7.930925e-01 1.008832e+00
2.262262e-01 9.335184e-01 8.753671e-01 7.730856e-01 1.008898e+00
2.282282e-01 9.336256e-01 8.755231e-01 7.732921e-01 1.008807e+00
2.302302e-01 9.393203e-01 8.862565e-01 7.923622e-01 1.008800e+00
2.322322e-01 9.335506e-01 8.753935e-01 7.730732e-01 1.008821e+00
2.342342e-01 9.393262e-01 8.862234e-01 7.922306e-01 1.008707e+00
2.362362e-01 9.395857e-01 8.866495e-01 7.928786e-01 1.008562e+00
2.382382e-01 9.395811e-01 8.866340e-01 7.928420e-01 1.008551e+00
2.402402e-01 9.394492e-01 8.863555e-01 7.922914e-01 1.008484e+00
2.422422e-01 9.396514e-01 8.867249e-01 7.929488e-01 1.008480e+00
2.442442e-01 9.393930e-01 8.862230e-01 7.920139e-01 1.008432e+00
2.462462e-01 9.338535e-01 8.758076e-01 7.735439e-01 1.008480e+00
2.482482e-01 9.396004e-01 8.865702e-01 7.925727e-01 1.008354e+00
2.502503e-01 9.336859e-01 8.754452e-01 7.728247e-01 1.008377e+00
2.522523e-01 9.395236e-01 8.863364e-01 7.919949e-01 1.008150e+00
2.542543e-01 9.394627e-01 8.862159e-01 7.917561e-01 1.008120e+00
2.562563e-01 9.393039e-01 8.858889e-01 7.911228e-01 1.008058e+00
2.582583e-01 9.336221e-01 8.752093e-01 7.722155e-01 1.008126e+00
2.602603e-01 9.392260e-01 8.857005e-01 7.907079e-01 1.007958e+00
2.622623e-01 9.336783e-01 8.752631e-01 7.722224e-01 1.008011e+00
2.642643e-01 9.336256e-01 8.751126e-01 7.718524e-01 1.007874e+00
2.662663e-01 9.395236e-01 8.861509e-01 7.913293e-01 1.007725e+00
2.682683e-01 9.337229e-01 8.752641e-01 7.720672e-01 1.007806e+00
2.702703e-01 9.333795e-01 8.746160e-01 7.709134e-01 1.007792e+00
2.722723e-01 9.394152e-01 8.858697e-01 7.906857e-01 1.007544e+00
2.742743e-01 9.337164e-01 8.751771e-01 7.717958e-01 1.007652e+00
2.762763e-01 9.336467e-01 8.750576e-01 7.715769e-01 1.007641e+00
2.782783e-01 9.393490e-01 8.856969e-01 7.902736e-01 1.007412e+00
2.802803e-01 9.393438e-01 8.856842e-01 7.902808e-01 1.007450e+00
2.822823e-01 9.391850e-01 8.853088e-01 7.894476e-01 1.007242e+00
2.842843e-01 9.393906e-01 8.856880e-01 7.901192e-01 1.007236e+00
2.862863e-01 9.334340e-01 8.744471e-01 7.701345e-01 1.007162e+00
2.882883e-01 9.393291e-01 8.854931e-01 7.896358e-01 1.007063e+00
2.902903e-01 9.396180e-01 8.859945e-01 7.904695e-01 1.006985e+00
2.922923e-01 9.396373e-01 8.860345e-01 7.905618e-01 1.007012e+00
2.942943e-01 9.393303e-01 8.854374e-01 7.894372e-01 1.006936e+00
2.962963e-01 9.394973e-01 8.857035e-01 7.898489e-01 1.006856e+00
2.982983e-01 9.335787e-01 8.746075e-01 7.702423e-01 1.006934e+00
3.003003e-01 9.396508e-01 8.859255e-01 7.901156e-01 1.006691e+00
3.023023e-01 9.394082e-01 8.854258e-01 7.891477e-01 1.006593e+00
3.043043e-01 9.400516e-01 8.865841e-01 7.911447e-01 1.006505e+00
3.063063e-01 9.393402e-01 8.852823e-01 7.888478e-01 1.006537e+00
3.083083e-01 9.335242e-01 8.743353e-01 7.694675e-01 1.006547e+00
3.103103e-01 9.396479e-01 8.857883e-01 7.896396e-01 1.006396e+00
3.123123e-01 9.395020e-01 8.854747e-01 7.889754e-01 1.006262e+00
3.143143e-01 9.335125e-01 8.742373e-01 7.691732e-01 1.006388e+00
3.163163e-01 9.335359e-01 8.742620e-01 7.691611e-01 1.006315e+00
3.183183e-01 9.391656e-01 8.847718e-01 7.876372e-01 1.006152e+00
3.203203e-01 9.392869e-01 8.850080e-01 7.880733e-01 1.006172e+00
3.223223e-01 9.336549e-01 8.743868e-01 7.692095e-01 1.006091e+00
3.243243e-01 9.394949e-01 8.853288e-01 7.885174e-01 1.006010e+00
3.263263e-01 9.396279e-01 8.855525e-01 7.888632e-01 1.005942e+00
3.283283e-01 9.337211e-01 8.744433e-01 7.691894e-01 1.005935e+00
3.303303e-01 9.393678e-01 8.850172e-01 7.878294e-01 1.005840e+00
3.323323e-01 9.392723e-01 8.848087e-01 7.874170e-01 1.005787e+00
3.343343e-01 9.395137e-01 8.852293e-01 7.881013e-01 1.005705e+00
3.363363e-01 9.331961e-01 8.733445e-01 7.670596e-01 1.005676e+00
3.383383e-01 9.334457e-01 8.738359e-01 7.679660e-01 1.005732e+00
3.403403e-01 9.399596e-01 8.859971e-01 7.893687e-01 1.005577e+00
3.423423e-01 9.395395e-01 8.851837e-01 7.878579e-01 1.005498e+00
3.443443e-01 9.396168e-01 8.853185e-01 7.880725e-01 1.005465e+00
3.463463e-01 9.396209e-01 8.853179e-01 7.880461e-01 1.005433e+00
3.483483e-01 9.395893e-01 8.852336e-01 7.878432e-01 1.005366e+00
3.503504e-01 9.395025e-01 8.850292e-01 7.874375e-01 1.005312e+00
3.523524e-01 9.397410e-01 8.854347e-01 7.880794e-01 1.005210e+00
3.543544e-01 9.392295e-01 8.844295e-01 7.862077e-01 1.005104e+00
3.563564e-01 9.334674e-01 8.736059e-01 7.670979e-01 1.005124e+00
3.583584e-01 9.395002e-01 8.849403e-01 7.871235e-01 1.005113e+00
3.603604e-01 9.393930e-01 8.847286e-01 7.867379e-01 1.005101e+00
3.623624e-01 9.394949e-01 8.848776e-01 7.869350e-01 1.005015e+00
3.643644e-01 9.392207e-01 8.843660e-01 7.860292e-01 1.005020e+00
3.663664e-01 9.399602e-01 8.856983e-01 7.882996e-01 1.004893e+00
3.683684e-01 9.396250e-01 8.850661e-01 7.871359e-01 1.004843e+00
3.703704e-01 9.389945e-01 8.838566e-01 7.849608e-01 1.004811e+00
3.723724e-01 9.393396e-01 8.844585e-01 7.859745e-01 1.004740e+00
3.743744e-01 9.393812e-01 8.845119e-01 7.859927e-01 1.004642e+00
3.763764e-01 9.394568e-01 8.846397e-01 7.862181e-01 1.004639e+00
3.783784e-01 9.393150e-01 8.843357e-01 7.855900e-01 1.004527e+00
3.803804e-01 9.332980e-01 8.730669e-01 7.657741e-01 1.004629e+00
3.823824e-01 9.398160e-01 8.852511e-01 7.871735e-01 1.004471e+00
3.843844e-01 9.402180e-01 8.860234e-01 7.886017e-01 1.004540e+00
3.863864e-01 9.396971e-01 8.850124e-01 7.867450e-01 1.004466e+00
3.883884e-01 9.339566e-01 8.742359e-01 7.677027e-01 1.004467e+00
3.903904e-01 9.333027e-01 8.730153e-01 7.655528e-01 1.004457e+00
3.923924e-01 9.395025e-01 8.846063e-01 7.859456e-01 1.004367e+00
3.943944e-01 9.391199e-01 8.838657e-01 7.845761e-01 1.004298e+00
3.963964e-01 9.396807e-01 8.848987e-01 7.863937e-01 1.004276e+00
3.983984e-01 9.398266e-01 8.851451e-01 7.867529e-01 1.004175e+00
4.004004e-01 9.386869e-01 8.830164e-01 7.829900e-01 1.004196e+00
4.024024e-01 9.391182e-01 8.837564e-01 7.842159e-01 1.004085e+00
4.044044e-01 9.393520e-01 8.841852e-01 7.849737e-01 1.004081e+00
4.064064e-01 9.395096e-01 8.844613e-01 7.853975e-01 1.003996e+00
4.084084e-01 9.394293e-01 8.843235e-01 7.851868e-01 1.004039e+00
4.104104e-01 9.394176e-01 8.843053e-01 7.851530e-01 1.004037e+00
4.124124e-01 9.396279e-01 8.847078e-01 7.858667e-01 1.004036e+00
4.144144e-01 9.392506e-01 8.839372e-01 7.843923e-01 1.003900e+00
4.164164e-01 9.332705e-01 8.727239e-01 7.646577e-01 1.003953e+00
4.184184e-01 9.338324e-01 8.737517e-01 7.664059e-01 1.003882e+00
4.204204e-01 9.395764e-01 8.845435e-01 7.854816e-01 1.003917e+00
4.224224e-01 9.332553e-01 8.726326e-01 7.643901e-01 1.003811e+00
4.244244e-01 9.337756e-01 8.736123e-01 7.661247e-01 1.003834e+00
4.264264e-01 9.393227e-01 8.839787e-01 7.843211e-01 1.003715e+00
4.284284e-01 9.390443e-01 8.834479e-01 7.833320e-01 1.003654e+00
4.304304e-01 9.395406e-01 8.843656e-01 7.849807e-01 1.003680e+00
4.324324e-01 9.329840e-01 8.720660e-01 7.632904e-01 1.003670e+00
4.344344e-01 9.395693e-01 8.843914e-01 7.849308e-01 1.003558e+00
4.364364e-01 9.333244e-01 8.726572e-01 7.642385e-01 1.003556e+00
4.384384e-01 9.397486e-01 8.847119e-01 7.854927e-01 1.003549e+00
4.404404e-01 9.397785e-01 8.847799e-01 7.856584e-01 1.003606e+00
4.424424e-01 9.392980e-01 8.838137e-01 7.838045e-01 1.003428e+00
4.444444e-01 9.339713e-01 8.738351e-01 7.662707e-01 1.003514e+00
4.464464e-01 9.332652e-01 8.724948e-01 7.638747e-01 1.003451e+00
4.484484e-01 9.336561e-01 8.732285e-01 7.651795e-01 1.003477e+00
4.504505e-01 9.335043e-01 8.729222e-01 7.645951e-01 1.003415e+00
4.524525e-01 9.397838e-01 8.846846e-01 7.852907e-01 1.003352e+00
4.544545e-01 9.395969e-01 8.843445e-01 7.846942e-01 1.003362e+00
4.564565e-01 9.398184e-01 8.847155e-01 7.852822e-01 1.003271e+00
4.584585e-01 9.329746e-01 8.719093e-01 7.627761e-01 1.003355e+00
4.604605e-01 9.391492e-01 8.834710e-01 7.830631e-01 1.003257e+00
4.624625e-01 9.392184e-01 8.836014e-01 7.833043e-01 1.003270e+00
4.644645e-01 9.397012e-01 8.844840e-01 7.848418e-01 1.003234e+00
4.664665e-01 9.395002e-01 8.840875e-01 7.841008e-01 1.003186e+00
4.684685e-01 9.398277e-01 8.846979e-01 7.852074e-01 1.003216e+00
4.704705e-01 9.393256e-01 8.837093e-01 7.833455e-01 1.003078e+00
4.724725e-01 9.399807e-01 8.849359e-01 7.855357e-01 1.003096e+00
4.744745e-01 9.394668e-01 8.839702e-01 7.838153e-01 1.003087e+00
4.764765e-01 9.401400e-01 8.852055e-01 7.859507e-01 1.003014e+00
4.784785e-01 9.395371e-01 8.840797e-01 7.839532e-01 1.003015e+00
4.804805e-01 9.339027e-01 8.735284e-01 7.654183e-01 1.003101e+00
4.824825e-01 9.339268e-01 8.735541e-01 7.654185e-01 1.003043e+00
4.844845e-01 9.388158e-01 8.826924e-01 7.814265e-01 1.002927e+00
4.864865e-01 9.331439e-01 8.720835e-01 7.628235e-01 1.003016e+00
4.884885e-01 9.396502e-01 8.842421e-01 7.841624e-01 1.002914e+00
4.904905e-01 9.332822e-01 8.722997e-01 7.631584e-01 1.002959e+00
4.924925e-01 9.341641e-01 8.739186e-01 7.659558e-01 1.002909e+00
4.944945e-01 9.393473e-01 8.836351e-01 7.830081e-01 1.002814e+00
4.964965e-01 9.333086e-01 8.723225e-01 7.631359e-01 1.002877e+00
4.984985e-01 9.338113e-01 8.732488e-01 7.647260e-01 1.002836e+00
5.005005e-01 9.398283e-01 8.844787e-01 7.844202e-01 1.002707e+00
5.025025e-01 9.396900e-01 8.842426e-01 7.840571e-01 1.002778e+00
5.045045e-01 9.397621e-01 8.843659e-01 7.842577e-01 1.002755e+00
5.065065e-01 9.393320e-01 8.835654e-01 7.828035e-01 1.002710e+00
5.085085e-01 9.329225e-01 8.715665e-01 7.617311e-01 1.002768e+00
5.105105e-01 9.393449e-01 8.835827e-01 7.828063e-01 1.002674e+00
5.125125e-01 9.395207e-01 8.838985e-01 7.834190e-01 1.002742e+00
5.145145e-01 9.397639e-01 8.843526e-01 7.841704e-01 1.002674e+00
5.165165e-01 9.393789e-01 8.836231e-01 7.828678e-01 1.002661e+00
5.185185e-01 9.398588e-01 8.845322e-01 7.845227e-01 1.002717e+00
5.205205e-01 9.395090e-01 8.838464e-01 7.831891e-01 1.002566e+00
5.225225e-01 9.398570e-01 8.845125e-01 7.844278e-01 1.002640e+00
5.245245e-01 9.398254e-01 8.844510e-01 7.843410e-01 1.002668e+00
5.265265e-01 9.331563e-01 8.719024e-01 7.621639e-01 1.002565e+00
5.285285e-01 9.396279e-01 8.840503e-01 7.835656e-01 1.002586e+00
5.305305e-01 9.394281e-01 8.836595e-01 7.828327e-01 1.002534e+00
5.325325e-01 9.394715e-01 8.837185e-01 7.829170e-01 1.002508e+00
5.345345e-01 9.392863e-01 8.833852e-01 7.823668e-01 1.002559e+00
5.365365e-01 9.393988e-01 8.835902e-01 7.826746e-01 1.002489e+00
5.385385e-01 9.394293e-01 8.836200e-01 7.826894e-01 1.002440e+00
5.405405e-01 9.397586e-01 8.842642e-01 7.838603e-01 1.002477e+00
5.425425e-01 9.335934e-01 8.726886e-01 7.634913e-01 1.002503e+00
5.445445e-01 9.399836e-01 8.846637e-01 7.845668e-01 1.002475e+00
5.465465e-01 9.392758e-01 8.833467e-01 7.822303e-01 1.002472e+00
5.485485e-01 9.398078e-01 8.843216e-01 7.839430e-01 1.002453e+00
5.505506e-01 9.398307e-01 8.843612e-01 7.840005e-01 1.002437e+00
5.525526e-01 9.392564e-01 8.832725e-01 7.820212e-01 1.002372e+00
5.545546e-01 9.398441e-01 8.843627e-01 7.839460e-01 1.002364e+00
5.565566e-01 9.397516e-01 8.842034e-01 7.837179e-01 1.002433e+00
5.585586e-01 9.390408e-01 8.828673e-01 7.812845e-01 1.002348e+00
5.605606e-01 9.395201e-01 8.837555e-01 7.828826e-01 1.002380e+00
5.625626e-01 9.334932e-01 8.724175e-01 7.628615e-01 1.002298e+00
5.645646e-01 9.388258e-01 8.824276e-01 7.804556e-01 1.002282e+00
5.665666e-01 9.334709e-01 8.723632e-01 7.627432e-01 1.002267e+00
5.685686e-01 9.394645e-01 8.836113e-01 7.825369e-01 1.002264e+00
5.705706e-01 9.333654e-01 8.722165e-01 7.625750e-01 1.002384e+00
5.725726e-01 9.400545e-01 8.847311e-01 7.845682e-01 1.002324e+00
5.745746e-01 9.394176e-01 8.835262e-01 7.824182e-01 1.002305e+00
5.765766e-01 9.332330e-01 8.719101e-01 7.619352e-01 1.002247e+00
5.785786e-01 9.334727e-01 8.723455e-01 7.626859e-01 1.002233e+00
5.805806e-01 9.395506e-01 8.837699e-01 7.828179e-01 1.002265e+00
5.825826e-01 9.339479e-01 8.732513e-01 7.642860e-01 1.002253e+00
5.845846e-01 9.392400e-01 8.831780e-01 7.817632e-01 1.002256e+00
5.865866e-01 9.396074e-01 8.838563e-01 7.829503e-01 1.002238e+00
5.885886e-01 9.333115e-01 8.720533e-01 7.621632e-01 1.002217e+00
5.905906e-01 9.340668e-01 8.734452e-01 7.646134e-01 1.002237e+00
5.925926e-01 9.337176e-01 8.728051e-01 7.634644e-01 1.002200e+00
5.945946e-01 9.392734e-01 8.832087e-01 7.817463e-01 1.002165e+00
5.965966e-01 9.390754e-01 8.828294e-01 7.810813e-01 1.002173e+00
5.985986e-01 9.334299e-01 8.722460e-01 7.624989e-01 1.002216e+00
6.006006e-01 9.389277e-01 8.825455e-01 7.805367e-01 1.002119e+00
6.026026e-01 9.333625e-01 8.721290e-01 7.622953e-01 1.002217e+00
6.046046e-01 9.391533e-01 8.829563e-01 7.812479e-01 1.002099e+00
6.066066e-01 9.333350e-01 8.720536e-01 7.621434e-01 1.002191e+00
6.086086e-01 9.398037e-01 8.841803e-01 7.834608e-01 1.002157e+00
6.106106e-01 9.388967e-01 8.824656e-01 7.803886e-01 1.002110e+00
6.126126e-01 9.396150e-01 8.838149e-01 7.827585e-01 1.002086e+00
6.146146e-01 9.340627e-01 8.733590e-01 7.643124e-01 1.002041e+00
6.166166e-01 9.335324e-01 8.724160e-01 7.627515e-01 1.002157e+00
6.186186e-01 9.336807e-01 8.726783e-01 7.631964e-01 1.002139e+00
6.206206e-01 9.398752e-01 8.842741e-01 7.835355e-01 1.002039e+00
6.226226e-01 9.336596e-01 8.726094e-01 7.629872e-01 1.002023e+00
6.246246e-01 9.394316e-01 8.834336e-01 7.820495e-01 1.002043e+00
6.266266e-01 9.390895e-01 8.828024e-01 7.809340e-01 1.002045e+00
6.286286e-01 9.394691e-01 8.834908e-01 7.821298e-01 1.002016e+00
6.306306e-01 9.340170e-01 8.732633e-01 7.641280e-01 1.002019e+00
6.326326e-01 9.333051e-01 8.719237e-01 7.617793e-01 1.002010e+00
6.346346e-01 9.391334e-01 8.828721e-01 7.810175e-01 1.001994e+00
6.366366e-01 9.336057e-01 8.725073e-01 7.628419e-01 1.002066e+00
6.386386e-01 9.391135e-01 8.828045e-01 7.808430e-01 1.001924e+00
6.406406e-01 9.335096e-01 8.723294e-01 7.625011e-01 1.002027e+00
6.426426e-01 9.388932e-01 8.824043e-01 7.801483e-01 1.001941e+00
6.446446e-01 9.343270e-01 8.738240e-01 7.650568e-01 1.001949e+00
6.466466e-01 9.399701e-01 8.844389e-01 7.838297e-01 1.002042e+00
6.486486e-01 9.389980e-01 8.825894e-01 7.804781e-01 1.001944e+00
6.506507e-01 9.391193e-01 8.828243e-01 7.809090e-01 1.001963e+00
6.526527e-01 9.396209e-01 8.837566e-01 7.825463e-01 1.001947e+00
6.546547e-01 9.333895e-01 8.720601e-01 7.619697e-01 1.001947e+00
6.566567e-01 9.394404e-01 8.834144e-01 7.819034e-01 1.001899e+00
6.586587e-01 9.398723e-01 8.842161e-01 7.833559e-01 1.001941e+00
6.606607e-01 9.332811e-01 8.718469e-01 7.615629e-01 1.001902e+00
6.626627e-01 9.397908e-01 8.840797e-01 7.831263e-01 1.001957e+00
6.646647e-01 9.335289e-01 8.722824e-01 7.623124e-01 1.001887e+00
6.666667e-01 9.335945e-01 8.723906e-01 7.624447e-01 1.001812e+00
6.686687e-01 9.391750e-01 8.828572e-01 7.808631e-01 1.001830e+00
6.706707e-01 9.396754e-01 8.838079e-01 7.825076e-01 1.001781e+00
6.726727e-01 9.396900e-01 8.838403e-01 7.826122e-01 1.001841e+00
6.746747e-01 9.399602e-01 8.843377e-01 7.834587e-01 1.001797e+00
6.766767e-01 9.336033e-01 8.723941e-01 7.624281e-01 1.001783e+00
6.786787e-01 9.397240e-01 8.838649e-01 7.825826e-01 1.001748e+00
6.806807e-01 9.401863e-01 8.847589e-01 7.842307e-01 1.001830e+00
6.826827e-01 9.386143e-01 8.817826e-01 7.788638e-01 1.001702e+00
6.846847e-01 9.338307e-01 8.728488e-01 7.632732e-01 1.001848e+00
6.866867e-01 9.339672e-01 8.730959e-01 7.637039e-01 1.001846e+00
6.886887e-01 9.338828e-01 8.729154e-01 7.633407e-01 1.001784e+00
6.906907e-01 9.330607e-01 8.713823e-01 7.606445e-01 1.001761e+00
6.926927e-01 9.337498e-01 8.726642e-01 7.629081e-01 1.001793e+00
6.946947e-01 9.394164e-01 8.832840e-01 7.815421e-01 1.001732e+00
6.966967e-01 9.332512e-01 8.717382e-01 7.612956e-01 1.001800e+00
6.986987e-01 9.332184e-01 8.716730e-01 7.611682e-01 1.001782e+00
7.007007e-01 9.335113e-01 8.722157e-01 7.621092e-01 1.001773e+00
7.027027e-01 9.396801e-01 8.837757e-01 7.824332e-01 1.001759e+00
7.047047e-01 9.336801e-01 8.725126e-01 7.625942e-01 1.001729e+00
7.067067e-01 9.333830e-01 8.719556e-01 7.616170e-01 1.001724e+00
7.087087e-01 9.398518e-01 8.840763e-01 7.829466e-01 1.001734e+00
7.107107e-01 9.396842e-01 8.837696e-01 7.823480e-01 1.001664e+00
7.127127e-01 9.332734e-01 8.717502e-01 7.612563e-01 1.001721e+00
7.147147e-01 9.395740e-01 8.835578e-01 7.819870e-01 1.001681e+00
7.167167e-01 9.388961e-01 8.822839e-01 7.797416e-01 1.001691e+00
7.187187e-01 9.389582e-01 8.823874e-01 7.798938e-01 1.001652e+00
7.207207e-01 9.399906e-01 8.843043e-01 7.832630e-01 1.001623e+00
7.227227e-01 9.391035e-01 8.826724e-01 7.804318e-01 1.001696e+00
7.247247e-01 9.339197e-01 8.729198e-01 7.632269e-01 1.001624e+00
7.267267e-01 9.391387e-01 8.827410e-01 7.805365e-01 1.001675e+00
7.287287e-01 9.394867e-01 8.833845e-01 7.817190e-01 1.001731e+00
7.307307e-01 9.342496e-01 8.735626e-01 7.644354e-01 1.001735e+00
7.327327e-01 9.400129e-01 8.843749e-01 7.834499e-01 1.001702e+00
7.347347e-01 9.337059e-01 8.725186e-01 7.625354e-01 1.001638e+00
7.367367e-01 9.393063e-01 8.830635e-01 7.811210e-01 1.001692e+00
7.387387e-01 9.339215e-01 8.729466e-01 7.633263e-01 1.001694e+00
7.407407e-01 9.332518e-01 8.716689e-01 7.610311e-01 1.001611e+00
7.427427e-01 9.391152e-01 8.826732e-01 7.803876e-01 1.001637e+00
7.447447e-01 9.329699e-01 8.711616e-01 7.601864e-01 1.001665e+00
7.467467e-01 9.337205e-01 8.725337e-01 7.625562e-01 1.001630e+00
7.487487e-01 9.336186e-01 8.723521e-01 7.622309e-01 1.001620e+00
7.507508e-01 9.397018e-01 8.837588e-01 7.822906e-01 1.001615e+00
7.527528e-01 9.393004e-01 8.830122e-01 7.809548e-01 1.001596e+00
7.547548e-01 9.394387e-01 8.832622e-01 7.813933e-01 1.001591e+00
7.567568e-01 9.333473e-01 8.718607e-01 7.613913e-01 1.001645e+00
7.587588e-01 9.330982e-01 8.713889e-01 7.605571e-01 1.001631e+00
7.607608e-01 9.337117e-01 8.725313e-01 7.625546e-01 1.001634e+00
7.627628e-01 9.397867e-01 8.839069e-01 7.825284e-01 1.001583e+00
7.647648e-01 9.396977e-01 8.837543e-01 7.822586e-01 1.001584e+00
7.667668e-01 9.392898e-01 8.829820e-01 7.808889e-01 1.001580e+00
7.687688e-01 9.339168e-01 8.728969e-01 7.631752e-01 1.001609e+00
7.707708e-01 9.397680e-01 8.838799e-01 7.824782e-01 1.001580e+00
7.727728e-01 9.395271e-01 8.834152e-01 7.816562e-01 1.001581e+00
7.747748e-01 9.339508e-01 8.729518e-01 7.632407e-01 1.001569e+00
7.767768e-01 9.392441e-01 8.828836e-01 7.806935e-01 1.001552e+00
7.787788e-01 9.389998e-01 8.824281e-01 7.798940e-01 1.001560e+00
7.807808e-01 9.343480e-01 8.736906e-01 7.645665e-01 1.001613e+00
7.827828e-01 9.393637e-01 8.830996e-01 7.810967e-01 1.001579e+00
7.847848e-01 9.394562e-01 8.832583e-01 7.813335e-01 1.001523e+00
7.867868e-01 9.395377e-01 8.834139e-01 7.816184e-01 1.001535e+00
7.887888e-01 9.393344e-01 8.830474e-01 7.809820e-01 1.001551e+00
7.907908e-01 9.396736e-01 8.836806e-01 7.820770e-01 1.001518e+00
7.927928e-01 9.397234e-01 8.837476e-01 7.821585e-01 1.001471e+00
7.947948e-01 9.338658e-01 8.727812e-01 7.629378e-01 1.001563e+00
7.967968e-01 9.397428e-01 8.838086e-01 7.823224e-01 1.001542e+00
7.987988e-01 9.339361e-01 8.729103e-01 7.631390e-01 1.001531e+00
8.008008e-01 9.394850e-01 8.832965e-01 7.813585e-01 1.001469e+00
8.028028e-01 9.392928e-01 8.829378e-01 7.807543e-01 1.001507e+00
8.048048e-01 9.333953e-01 8.718907e-01 7.613473e-01 1.001518e+00
8.068068e-01 9.394111e-01 8.831608e-01 7.811172e-01 1.001467e+00
8.088088e-01 9.395857e-01 8.834773e-01 7.816725e-01 1.001461e+00
8.108108e-01 9.396074e-01 8.835087e-01 7.817320e-01 1.001466e+00
8.128128e-01 9.395652e-01 8.834341e-01 7.815831e-01 1.001445e+00
8.148148e-01 9.393209e-01 8.829762e-01 7.807748e-01 1.001447e+00
8.168168e-01 9.391674e-01 8.826845e-01 7.802664e-01 1.001456e+00
8.188188e-01 9.339619e-01 8.729224e-01 7.631005e-01 1.001453e+00
8.208208e-01 9.390619e-01 8.825074e-01 7.799941e-01 1.001508e+00
8.228228e-01 9.390145e-01 8.824103e-01 7.797867e-01 1.001462e+00
8.248248e-01 9.391621e-01 8.826916e-01 7.802832e-01 1.001462e+00
8.268268e-01 9.333484e-01 8.717802e-01 7.611660e-01 1.001533e+00
8.288288e-01 9.387449e-01 8.819113e-01 7.789316e-01 1.001497e+00
8.308308e-01 9.393490e-01 8.830219e-01 7.808448e-01 1.001433e+00
8.328328e-01 9.334480e-01 8.719557e-01 7.613886e-01 1.001423e+00
8.348348e-01 9.397955e-01 8.838601e-01 7.823360e-01 1.001443e+00
8.368368e-01 9.390473e-01 8.824697e-01 7.798769e-01 1.001443e+00
8.388388e-01 9.338043e-01 8.726306e-01 7.626139e-01 1.001484e+00
8.408408e-01 9.390139e-01 8.824113e-01 7.797624e-01 1.001429e+00
8.428428e-01 9.395969e-01 8.834934e-01 7.816923e-01 1.001450e+00
8.448448e-01 9.336338e-01 8.723002e-01 7.620146e-01 1.001455e+00
8.468468e-01 9.330936e-01 8.712800e-01 7.602051e-01 1.001418e+00
8.488488e-01 9.394158e-01 8.831512e-01 7.810572e-01 1.001412e+00
8.508509e-01 9.398840e-01 8.840062e-01 7.825615e-01 1.001401e+00
8.528529e-01 9.402713e-01 8.847321e-01 7.838486e-01 1.001402e+00
8.548549e-01 9.336408e-01 8.722952e-01 7.619529e-01 1.001385e+00
8.568569e-01 9.335852e-01 8.721949e-01 7.618035e-01 1.001419e+00
8.588589e-01 9.389412e-01 8.822234e-01 7.793869e-01 1.001373e+00
8.608609e-01 9.397018e-01 8.836847e-01 7.820217e-01 1.001438e+00
8.628629e-01 9.387936e-01 8.819578e-01 7.789146e-01 1.001369e+00
8.648649e-01 9.337814e-01 8.725579e-01 7.624290e-01 1.001408e+00
8.668669e-01 9.388469e-01 8.820709e-01 7.791334e-01 1.001394e+00
8.688689e-01 9.401488e-01 8.844927e-01 7.833826e-01 1.001349e+00
8.708709e-01 9.343375e-01 8.735990e-01 7.642632e-01 1.001426e+00
8.728729e-01 9.389723e-01 8.822809e-01 7.794691e-01 1.001348e+00
8.748749e-01 9.338230e-01 8.726358e-01 7.625432e-01 1.001379e+00
8.768769e-01 9.329799e-01 8.710376e-01 7.597058e-01 1.001317e+00
8.788789e-01 9.388797e-01 8.820983e-01 7.791401e-01 1.001340e+00
8.808809e-01 9.328990e-01 8.708862e-01 7.594894e-01 1.001380e+00
8.828829e-01 9.399156e-01 8.840766e-01 7.826817e-01 1.001395e+00
8.848849e-01 9.395166e-01 8.833044e-01 7.812944e-01 1.001368e+00
8.868869e-01 9.397463e-01 8.837132e-01 7.819909e-01 1.001334e+00
8.888889e-01 9.342133e-01 8.733543e-01 7.638003e-01 1.001380e+00
8.908909e-01 9.336232e-01 8.722527e-01 7.618844e-01 1.001393e+00
8.928929e-01 9.394451e-01 8.831759e-01 7.810762e-01 1.001380e+00
8.948949e-01 9.400439e-01 8.842997e-01 7.830597e-01 1.001373e+00
8.968969e-01 9.400586e-01 8.843138e-01 7.830716e-01 1.001356e+00
8.988989e-01 9.333654e-01 8.717679e-01 7.610138e-01 1.001361e+00
9.009009e-01 9.342936e-01 8.735062e-01 7.640859e-01 1.001406e+00
9.029029e-01 9.336414e-01 8.722691e-01 7.619035e-01 1.001380e+00
9.049049e-01 9.393525e-01 8.829995e-01 7.807561e-01 1.001370e+00
9.069069e-01 9.341113e-01 8.731614e-01 7.634665e-01 1.001385e+00
9.089089e-01 9.393783e-01 8.830315e-01 7.807766e-01 1.001323e+00
9.109109e-01 9.332430e-01 8.715284e-01 7.605672e-01 1.001324e+00
9.129129e-01 9.393473e-01 8.829886e-01 7.807460e-01 1.001381e+00
9.149149e-01 9.342619e-01 8.734346e-01 7.639037e-01 1.001331e+00
9.169169e-01 9.336490e-01 8.722863e-01 7.618880e-01 1.001320e+00
9.189189e-01 9.390789e-01 8.824779e-01 7.798205e-01 1.001352e+00
9.209209e-01 9.392377e-01 8.827627e-01 7.802904e-01 1.001309e+00
9.229229e-01 9.335043e-01 8.719920e-01 7.613480e-01 1.001286e+00
9.249249e-01 9.390707e-01 8.824573e-01 7.797664e-01 1.001330e+00
9.269269e-01 9.393455e-01 8.829701e-01 7.807013e-01 1.001366e+00
9.289289e-01 9.403996e-01 8.849269e-01 7.841153e-01 1.001302e+00
9.309309e-01 9.337199e-01 8.723988e-01 7.620832e-01 1.001319e+00
9.329329e-01 9.336104e-01 8.722229e-01 7.618271e-01 1.001386e+00
9.349349e-01 9.390414e-01 8.823817e-01 7.796011e-01 1.001289e+00
9.369369e-01 9.341793e-01 8.732513e-01 7.635799e-01 1.001327e+00
9.389389e-01 9.390719e-01 8.824425e-01 7.797330e-01 1.001320e+00
9.409409e-01 9.341043e-01 8.731137e-01 7.633115e-01 1.001291e+00
9.429429e-01 9.399766e-01 8.841278e-01 7.826700e-01 1.001264e+00
9.449449e-01 9.392324e-01 8.827126e-01 7.801431e-01 1.001234e+00
9.469469e-01 9.329260e-01 8.709297e-01 7.595026e-01 1.001297e+00
9.489489e-01 9.400703e-01 8.843142e-01 7.830367e-01 1.001311e+00
9.509510e-01 9.393502e-01 8.829591e-01 7.806167e-01 1.001283e+00
9.529530e-01 9.391199e-01 8.825281e-01 7.798631e-01 1.001293e+00
9.549550e-01 9.335377e-01 8.720623e-01 7.614911e-01 1.001313e+00
9.569570e-01 9.396549e-01 8.835266e-01 7.816191e-01 1.001281e+00
9.589590e-01 9.397844e-01 8.837547e-01 7.819934e-01 1.001243e+00
9.609610e-01 9.395313e-01 8.832776e-01 7.811608e-01 1.001258e+00
9.629630e-01 9.334668e-01 8.719145e-01 7.611921e-01 1.001259e+00
9.649650e-01 9.397322e-01 8.836749e-01 7.818817e-01 1.001281e+00
9.669670e-01 9.402484e-01 8.846170e-01 7.834929e-01 1.001208e+00
9.689690e-01 9.393596e-01 8.829706e-01 7.806041e-01 1.001240e+00
9.709710e-01 9.337422e-01 8.724162e-01 7.620639e-01 1.001253e+00
9.729730e-01 9.337264e-01 8.723916e-01 7.620334e-01 1.001270e+00
9.749750e-01 9.387320e-01 8.817787e-01 7.784866e-01 1.001226e+00
9.769770e-01 9.338939e-01 8.726926e-01 7.625435e-01 1.001249e+00
9.789790e-01 9.385885e-01 8.815049e-01 7.779988e-01 1.001220e+00
9.809810e-01 9.336707e-01 8.723041e-01 7.619104e-01 1.001309e+00
9.829830e-01 9.394053e-01 8.830438e-01 7.807342e-01 1.001241e+00
9.849850e-01 9.392764e-01 8.828130e-01 7.803599e-01 1.001285e+00
9.869870e-01 9.327748e-01 8.706523e-01 7.590219e-01 1.001301e+00
9.889890e-01 9.388797e-01 8.820544e-01 7.789652e-01 1.001215e+00
9.909910e-01 9.389676e-01 8.822338e-01 7.793188e-01 1.001262e+00
9.929930e-01 9.333051e-01 8.716270e-01 7.607355e-01 1.001319e+00
9.949950e-01 9.339795e-01 8.728545e-01 7.628301e-01 1.001254e+00
9.969970e-01 9.400744e-01 8.843046e-01 7.829766e-01 1.001256e+00
9.989990e-01 9.398928e-01 8.839572e-01 7.823588e-01 1.001252e+00
1.001001e+00 9.330859e-01 8.711771e-01 7.598778e-01 1.001223e+00
1.003003e+00 9.391299e-01 8.825188e-01 7.797765e-01 1.001203e+00
1.005005e+00 9.335271e-01 8.720165e-01 7.613487e-01 1.001231e+00
1.007007e+00 9.393033e-01 8.828307e-01 7.803248e-01 1.001199e+00
1.009009e+00 9.330936e-01 8.711985e-01 7.599177e-01 1.001226e+00
1.011011e+00 9.334428e-01 8.718689e-01 7.610969e-01 1.001239e+00
1.013013e+00 9.329811e-01 8.709913e-01 7.595639e-01 1.001236e+00
1.015015e+00 9.389471e-01 8.821848e-01 7.792238e-01 1.001251e+00
1.017017e+00 9.335588e-01 8.720678e-01 7.614409e-01 1.001234e+00
1.019019e+00 9.341230e-01 8.731376e-01 7.633385e-01 1.001271e+00
1.021021e+00 9.339273e-01 8.727712e-01 7.626945e-01 1.001267e+00
1.023023e+00 9.330191e-01 8.710536e-01 7.596637e-01 1.001225e+00
1.025025e+00 9.391070e-01 8.824637e-01 7.796679e-01 1.001189e+00
1.027027e+00 9.394105e-01 8.830203e-01 7.806247e-01 1.001154e+00
1.029029e+00 9.335664e-01 8.720737e-01 7.614458e-01 1.001227e+00
1.031031e+00 9.389758e-01 8.822162e-01 7.792182e-01 1.001173e+00
1.033033e+00 9.334885e-01 8.719242e-01 7.611764e-01 1.001216e+00
1.035035e+00 9.398512e-01 8.838619e-01 7.821285e-01 1.001173e+00
1.037037e+00 9.396320e-01 8.834445e-01 7.813955e-01 1.001181e+00
1.039039e+00 9.389898e-01 8.822401e-01 7.792722e-01 1.001188e+00
1.041041e+00 9.394369e-01 8.830760e-01 7.807525e-01 1.001192e+00
1.043043e+00 9.341945e-01 8.732235e-01 7.634250e-01 1.001188e+00
1.045045e+00 9.394322e-01 8.830519e-01 7.806630e-01 1.001131e+00
1.047047e+00 9.392178e-01 8.826532e-01 7.799649e-01 1.001140e+00
1.049049e+00 9.393344e-01 8.828766e-01 7.803730e-01 1.001157e+00
1.051051e+00 9.399830e-01 8.840820e-01 7.825041e-01 1.001155e+00
1.053053e+00 9.396689e-01 8.834911e-01 7.814600e-01 1.001157e+00
1.055055e+00 9.395336e-01 8.832399e-01 7.810241e-01 1.001168e+00
1.057057e+00 9.386359e-01 8.815579e-01 7.780076e-01 1.001111e+00
1.059059e+00 9.332564e-01 8.714781e-01 7.603647e-01 1.001173e+00
1.061061e+00 9.334539e-01 8.718403e-01 7.609805e-01 1.001151e+00
1.063063e+00 9.389922e-01 8.822456e-01 7.792789e-01 1.001184e+00
1.065065e+00 9.396895e-01 8.835472e-01 7.815759e-01 1.001179e+00
1.067067e+00 9.398201e-01 8.837730e-01 7.819477e-01 1.001143e+00
1.069069e+00 9.393672e-01 8.829352e-01 7.804777e-01 1.001159e+00
1.071071e+00 9.394908e-01 8.831528e-01 7.808326e-01 1.001120e+00
1.073073e+00 9.390080e-01 8.822538e-01 7.792661e-01 1.001149e+00
1.075075e+00 9.398266e-01 8.837892e-01 7.819972e-01 1.001170e+00
1.077077e+00 9.391369e-01 8.824963e-01 7.797074e-01 1.001165e+00
1.079079e+00 9.395418e-01 8.832477e-01 7.810047e-01 1.001126e+00
1.081081e+00 9.337311e-01 8.723668e-01 7.619150e-01 1.001171e+00
1.083083e+00 9.397480e-01 8.836491e-01 7.817333e-01 1.001150e+00
1.085085e+00 9.336027e-01 8.721339e-01 7.615262e-01 1.001195e+00
1.087087e+00 9.396051e-01 8.833829e-01 7.812801e-01 1.001172e+00
1.089089e+00 9.394480e-01 8.830858e-01 7.807437e-01 1.001158e+00
1.091091e+00 9.395980e-01 8.833849e-01 7.813242e-01 1.001224e+00
1.093093e+00 9.392096e-01 8.826342e-01 7.799345e-01 1.001144e+00
1.095095e+00 9.398137e-01 8.837678e-01 7.819518e-01 1.001160e+00
1.097097e+00 9.396689e-01 8.835011e-01 7.814922e-01 1.001176e+00
1.099099e+00 9.401992e-01 8.844898e-01 7.832367e-01 1.001169e+00
1.101101e+00 9.398646e-01 8.838577e-01 7.821037e-01 1.001151e+00
1.103103e+00 9.332547e-01 8.714647e-01 7.603159e-01 1.001139e+00
1.105105e+00 9.395482e-01 8.832710e-01 7.810684e-01 1.001155e+00
1.107107e+00 9.336244e-01 8.721382e-01 7.614776e-01 1.001121e+00
1.109109e+00 9.393215e-01 8.828466e-01 7.802981e-01 1.001129e+00
1.111111e+00 9.327789e-01 8.705807e-01 7.587801e-01 1.001147e+00
1.113113e+00 9.407389e-01 8.854911e-01 7.849796e-01 1.001129e+00
1.115115e+00 9.395160e-01 8.831991e-01 7.809093e-01 1.001114e+00
1.117117e+00 9.391938e-01 8.825930e-01 7.798332e-01 1.001108e+00
1.119119e+00 9.334885e-01 8.719034e-01 7.610986e-01 1.001162e+00
1.121121e+00 9.335729e-01 8.720656e-01 7.613844e-01 1.001165e+00
1.123123e+00 9.392336e-01 8.826563e-01 7.799341e-01 1.001094e+00
1.125125e+00 9.400604e-01 8.842311e-01 7.827664e-01 1.001153e+00
1.127127e+00 9.394568e-01 8.830920e-01 7.807734e-01 1.001182e+00
1.129129e+00 9.395723e-01 8.833173e-01 7.811882e-01 1.001203e+00
1.131131e+00 9.335734e-01 8.720636e-01 7.613759e-01 1.001158e+00
1.133133e+00 9.389893e-01 8.822064e-01 7.791492e-01 1.001106e+00
1.135135e+00 9.333602e-01 8.716558e-01 7.606531e-01 1.001144e+00
1.137137e+00 9.337521e-01 8.724066e-01 7.619865e-01 1.001174e+00
1.139139e+00 9.332746e-01 8.714926e-01 7.603421e-01 1.001110e+00
1.141141e+00 9.335400e-01 8.719728e-01 7.611946e-01 1.001128e+00
1.143143e+00 9.391205e-01 8.824360e-01 7.795459e-01 1.001095e+00
1.145145e+00 9.393443e-01 8.828626e-01 7.802928e-01 1.001086e+00
1.147147e+00 9.403105e-01 8.846671e-01 7.834756e-01 1.001073e+00
1.149149e+00 9.333326e-01 8.715940e-01 7.605139e-01 1.001103e+00
1.151151e+00 9.331984e-01 8.713560e-01 7.600940e-01 1.001097e+00
1.153153e+00 9.332869e-01 8.715118e-01 7.603895e-01 1.001128e+00
1.155155e+00 9.325949e-01 8.702264e-01 7.581312e-01 1.001106e+00
1.157157e+00 9.401646e-01 8.844050e-01 7.830468e-01 1.001118e+00
1.159159e+00 9.344102e-01 8.735994e-01 7.640156e-01 1.001100e+00
1.161161e+00 9.333713e-01 8.716658e-01 7.606304e-01 1.001091e+00
1.163163e+00 9.398605e-01 8.838360e-01 7.820347e-01 1.001112e+00
1.165165e+00 9.400662e-01 8.842220e-01 7.827004e-01 1.001090e+00
1.167167e+00 9.401518e-01 8.843717e-01 7.829325e-01 1.001047e+00
1.169169e+00 9.396115e-01 8.833723e-01 7.811973e-01 1.001090e+00
1.171171e+00 9.386008e-01 8.814736e-01 7.778486e-01 1.001098e+00
1.173173e+00 9.340369e-01 8.729114e-01 7.628481e-01 1.001147e+00
1.175175e+00 9.395354e-01 8.832175e-01 7.809164e-01 1.001081e+00
1.177177e+00 9.398342e-01 8.837534e-01 7.818138e-01 1.001016e+00
1.179179e+00 9.333438e-01 8.716051e-01 7.605215e-01 1.001087e+00
1.181181e+00 9.392312e-01 8.826453e-01 7.799032e-01 1.001079e+00
1.183183e+00 9.398324e-01 8.837509e-01 7.818107e-01 1.001018e+00
1.185185e+00 9.393584e-01 8.828875e-01 7.803619e-01 1.001118e+00
1.187187e+00 9.392102e-01 8.826096e-01 7.798371e-01 1.001075e+00
1.189189e+00 9.390414e-01 8.822607e-01 7.791610e-01 1.000998e+00
1.191191e+00 9.389541e-01 8.821071e-01 7.789445e-01 1.001069e+00
1.193193e+00 9.392049e-01 8.825871e-01 7.797857e-01 1.001060e+00
1.195195e+00 9.400246e-01 8.841194e-01 7.825093e-01 1.001078e+00
1.197197e+00 9.395488e-01 8.832139e-01 7.808889e-01 1.001054e+00
1.199199e+00 9.385996e-01 8.814498e-01 7.777760e-01 1.001058e+00
1.201201e+00 9.338705e-01 8.725891e-01 7.622184e-01 1.001059e+00
1.203203e+00 9.338295e-01 8.725117e-01 7.621250e-01 1.001114e+00
1.205205e+00 9.393725e-01 8.828926e-01 7.803183e-01 1.001051e+00
1.207207e+00 9.385996e-01 8.814496e-01 7.777798e-01 1.001064e+00
1.209209e+00 9.330273e-01 8.709971e-01 7.594157e-01 1.001028e+00
1.211211e+00 9.394715e-01 8.830797e-01 7.806333e-01 1.001030e+00
1.213213e+00 9.392547e-01 8.826789e-01 7.799393e-01 1.001049e+00
1.215215e+00 9.333355e-01 8.715830e-01 7.604676e-01 1.001067e+00
1.217217e+00 9.332799e-01 8.714862e-01 7.603192e-01 1.001094e+00
1.219219e+00 9.389242e-01 8.820583e-01 7.788549e-01 1.001064e+00
1.221221e+00 9.397410e-01 8.835848e-01 7.815570e-01 1.001069e+00
1.223223e+00 9.394891e-01 8.831029e-01 7.806659e-01 1.001020e+00
1.225225e+00 9.394961e-01 8.831397e-01 7.807866e-01 1.001091e+00
1.227227e+00 9.335605e-01 8.719976e-01 7.612115e-01 1.001094e+00
1.229229e+00 9.393672e-01 8.828795e-01 7.802690e-01 1.001017e+00
1.231231e+00 9.342391e-01 8.732671e-01 7.633999e-01 1.001055e+00
1.233233e+00 9.387273e-01 8.816896e-01 7.781821e-01 1.001036e+00
1.235235e+00 9.395131e-01 8.831647e-01 7.808149e-01 1.001071e+00
1.237237e+00 9.337070e-01 8.722766e-01 7.616788e-01 1.001068e+00
1.239239e+00 9.396748e-01 8.834674e-01 7.813374e-01 1.001054e+00
1.241241e+00 9.399971e-01 8.840725e-01 7.823835e-01 1.001023e+00
1.243243e+00 9.393883e-01 8.829199e-01 7.803506e-01 1.001030e+00
1.245245e+00 9.336051e-01 8.720770e-01 7.613034e-01 1.001032e+00
1.247247e+00 9.393402e-01 8.828435e-01 7.802329e-01 1.001052e+00
1.249249e+00 9.393965e-01 8.829326e-01 7.803600e-01 1.001013e+00
1.251251e+00 9.339121e-01 8.726460e-01 7.623013e-01 1.001038e+00
1.253253e+00 9.396520e-01 8.834002e-01 7.811718e-01 1.000994e+00
1.255255e+00 9.397146e-01 8.835245e-01 7.814030e-01 1.001009e+00
1.257257e+00 9.394703e-01 8.830662e-01 7.806100e-01 1.001031e+00
1.259259e+00 9.395816e-01 8.832986e-01 7.810597e-01 1.001081e+00
1.261261e+00 9.399660e-01 8.840147e-01 7.823185e-01 1.001070e+00
1.263263e+00 9.331973e-01 8.713235e-01 7.600020e-01 1.001050e+00
1.265265e+00 9.397955e-01 8.836815e-01 7.816934e-01 1.001025e+00
1.267267e+00 9.396168e-01 8.833492e-01 7.811423e-01 1.001072e+00
1.269269e+00 9.333490e-01 8.715901e-01 7.604459e-01 1.001022e+00
1.271271e+00 9.401834e-01 8.844090e-01 7.829840e-01 1.001029e+00
1.273273e+00 9.398031e-01 8.836897e-01 7.817014e-01 1.001017e+00
1.275275e+00 9.401184e-01 8.842846e-01 7.827546e-01 1.001017e+00
1.277277e+00 9.339314e-01 8.726874e-01 7.623857e-01 1.001053e+00
1.279279e+00 9.338764e-01 8.725860e-01 7.622203e-01 1.001069e+00
1.281281e+00 9.407811e-01 8.855285e-01 7.849906e-01 1.001058e+00
1.283283e+00 9.392465e-01 8.826353e-01 7.798386e-01 1.001019e+00
1.285285e+00 9.390912e-01 8.823514e-01 7.793449e-01 1.001029e+00
1.287287e+00 9.335582e-01 8.719655e-01 7.611058e-01 1.001028e+00
1.289289e+00 9.394299e-01 8.829824e-01 7.804474e-01 1.001013e+00
1.291291e+00 9.335564e-01 8.719758e-01 7.611010e-01 1.000999e+00
1.293293e+00 9.400996e-01 8.842446e-01 7.827126e-01 1.001054e+00
1.295295e+00 9.393912e-01 8.829370e-01 7.804026e-01 1.001058e+00
1.297297e+00 9.390871e-01 8.823442e-01 7.793178e-01 1.001010e+00
1.299299e+00 9.335295e-01 8.719303e-01 7.610498e-01 1.001036e+00
1.301301e+00 9.322568e-01 8.695524e-01 7.568828e-01 1.001007e+00
1.303303e+00 9.408525e-01 8.856711e-01 7.852215e-01 1.001030e+00
1.305305e+00 9.404148e-01 8.848507e-01 7.837849e-01 1.001052e+00
1.307307e+00 9.390678e-01 8.823200e-01 7.792977e-01 1.001039e+00
1.309309e+00 9.395143e-01 8.831815e-01 7.808383e-01 1.001062e+00
1.311311e+00 9.395840e-01 8.832810e-01 7.809781e-01 1.001016e+00
1.313313e+00 9.400937e-01 8.842678e-01 7.827752e-01 1.001082e+00
1.315315e+00 9.334680e-01 8.718126e-01 7.608626e-01 1.001060e+00
1.317317e+00 9.332412e-01 8.714049e-01 7.601609e-01 1.001073e+00
1.319319e+00 9.401447e-01 8.843131e-01 7.827762e-01 1.000980e+00
1.321321e+00 9.348643e-01 8.744288e-01 7.654470e-01 1.001074e+00
1.323323e+00 9.392230e-01 8.825892e-01 7.797245e-01 1.000977e+00
1.325325e+00 9.338119e-01 8.724412e-01 7.619253e-01 1.001014e+00
1.327327e+00 9.340621e-01 8.729097e-01 7.627576e-01 1.001032e+00
1.329329e+00 9.396385e-01 8.833777e-01 7.811698e-01 1.001043e+00
1.331331e+00 9.336168e-01 8.720783e-01 7.612767e-01 1.000994e+00
1.333333e+00 9.396906e-01 8.834832e-01 7.813616e-01 1.001049e+00
1.335335e+00 9.391756e-01 8.825178e-01 7.796280e-01 1.001015e+00
1.337337e+00 9.391984e-01 8.825331e-01 7.796072e-01 1.000953e+00
1.339339e+00 9.339244e-01 8.726479e-01 7.622812e-01 1.001007e+00
1.341341e+00 9.397838e-01 8.836463e-01 7.816105e-01 1.000999e+00
1.343343e+00 9.333057e-01 8.715147e-01 7.603197e-01 1.001029e+00
1.345345e+00 9.388334e-01 8.818665e-01 7.784612e-01 1.000994e+00
1.347347e+00 9.395330e-01 8.831809e-01 7.807762e-01 1.000984e+00
1.349349e+00 9.331428e-01 8.712029e-01 7.597614e-01 1.001011e+00
1.351351e+00 9.393291e-01 8.827908e-01 7.801135e-01 1.001019e+00
1.353353e+00 9.387596e-01 8.817386e-01 7.782764e-01 1.001046e+00
1.355355e+00 9.337773e-01 8.723933e-01 7.618781e-01 1.001062e+00
1.357357e+00 9.398236e-01 8.837203e-01 7.817329e-01 1.000988e+00
1.359359e+00 9.395799e-01 8.832648e-01 7.809443e-01 1.001009e+00
1.361361e+00 9.336836e-01 8.721815e-01 7.614205e-01 1.000946e+00
1.363363e+00 9.393531e-01 8.828532e-01 7.802234e-01 1.001018e+00
1.365365e+00 9.390912e-01 8.823464e-01 7.793194e-01 1.001007e+00
1.367367e+00 9.388633e-01 8.819235e-01 7.785544e-01 1.000984e+00
1.369369e+00 9.399133e-01 8.838850e-01 7.820344e-01 1.001001e+00
1.371371e+00 9.390584e-01 8.822784e-01 7.791726e-01 1.000973e+00
1.373373e+00 9.337029e-01 8.722354e-01 7.615612e-01 1.001008e+00
1.375375e+00 9.325164e-01 8.700270e-01 7.576964e-01 1.000990e+00
1.377377e+00 9.398840e-01 8.838316e-01 7.819506e-01 1.001014e+00
1.379379e+00 9.390309e-01 8.822276e-01 7.790961e-01 1.000990e+00
1.381381e+00 9.401734e-01 8.843669e-01 7.828600e-01 1.000966e+00
1.383383e+00 9.393566e-01 8.828423e-01 7.801808e-01 1.000988e+00
1.385385e+00 9.332336e-01 8.713779e-01 7.600819e-01 1.001030e+00
1.387387e+00 9.332664e-01 8.714032e-01 7.600727e-01 1.000960e+00
1.389389e+00 9.337053e-01 8.722391e-01 7.615445e-01 1.000977e+00
1.391391e+00 9.396836e-01 8.834546e-01 7.812328e-01 1.000949e+00
1.393393e+00 9.326359e-01 8.702544e-01 7.581218e-01 1.001029e+00
1.395395e+00 9.337381e-01 8.723065e-01 7.616872e-01 1.001010e+00
1.397397e+00 9.339777e-01 8.727388e-01 7.624190e-01 1.000979e+00
1.399399e+00 9.391275e-01 8.824098e-01 7.794022e-01 1.000970e+00
1.401401e+00 9.396877e-01 8.834619e-01 7.812593e-01 1.000966e+00
1.403403e+00 9.336965e-01 8.722075e-01 7.615008e-01 1.000992e+00
1.405405e+00 9.396250e-01 8.833229e-01 7.810126e-01 1.000965e+00
1.407407e+00 9.396643e-01 8.834004e-01 7.811545e-01 1.000972e+00
1.409409e+00 9.331393e-01 8.711933e-01 7.597571e-01 1.001027e+00
1.411411e+00 9.340451e-01 8.728796e-01 7.627136e-01 1.001043e+00
1.413413e+00 9.335916e-01 8.720034e-01 7.610916e-01 1.000923e+00
1.415415e+00 9.391674e-01 8.824790e-01 7.795269e-01 1.000973e+00
1.417417e+00 9.400926e-01 8.842067e-01 7.825696e-01 1.000957e+00
1.419419e+00 9.392629e-01 8.826564e-01 7.798419e-01 1.000975e+00
1.421421e+00 9.395887e-01 8.832624e-01 7.809183e-01 1.000982e+00
1.423423e+00 9.339426e-01 8.726723e-01 7.622886e-01 1.000961e+00
1.425425e+00 9.393666e-01 8.828378e-01 7.801303e-01 1.000934e+00
1.427427e+00 9.393854e-01 8.828756e-01 7.802087e-01 1.000949e+00
1.429429e+00 9.394768e-01 8.830652e-01 7.805538e-01 1.000961e+00
1.431431e+00 9.397240e-01 8.835192e-01 7.813497e-01 1.000952e+00
1.433433e+00 9.390924e-01 8.823423e-01 7.793182e-01 1.001015e+00
1.435435e+00 9.341799e-01 8.731103e-01 7.630738e-01 1.000987e+00
1.437437e+00 9.396648e-01 8.833860e-01 7.810952e-01 1.000928e+00
1.439439e+00 9.337533e-01 8.723052e-01 7.616454e-01 1.000958e+00
1.441441e+00 9.322674e-01 8.695494e-01 7.568425e-01 1.000961e+00
1.443443e+00 9.388937e-01 8.819473e-01 7.785556e-01 1.000931e+00
1.445445e+00 9.339156e-01 8.726120e-01 7.621843e-01 1.000962e+00
1.447447e+00 9.329354e-01 8.707865e-01 7.590032e-01 1.000968e+00
1.449449e+00 9.339830e-01 8.727512e-01 7.624557e-01 1.000999e+00
1.451451e+00 9.396039e-01 8.832936e-01 7.809517e-01 1.000954e+00
1.453453e+00 9.390461e-01 8.822264e-01 7.790416e-01 1.000923e+00
1.455455e+00 9.340826e-01 8.729137e-01 7.627019e-01 1.000950e+00
1.457457e+00 9.393637e-01 8.828249e-01 7.800974e-01 1.000921e+00
1.459459e+00 9.396578e-01 8.833741e-01 7.810815e-01 1.000938e+00
1.461461e+00 9.387766e-01 8.817481e-01 7.782388e-01 1.000976e+00
1.463463e+00 9.391434e-01 8.824373e-01 7.794518e-01 1.000971e+00
1.465465e+00 9.394762e-01 8.830519e-01 7.805306e-01 1.000962e+00
1.467467e+00 9.396092e-01 8.832890e-01 7.809139e-01 1.000916e+00
1.469469e+00 9.394809e-01 8.830586e-01 7.805309e-01 1.000947e+00
1.471471e+00 9.399883e-01 8.840084e-01 7.822366e-01 1.000980e+00
1.473473e+00 9.389863e-01 8.821191e-01 7.788895e-01 1.000971e+00
1.475475e+00 9.399473e-01 8.839497e-01 7.821371e-01 1.000986e+00
1.477477e+00 9.391850e-01 8.824951e-01 7.795040e-01 1.000907e+00
1.479479e+00 9.395588e-01 8.832077e-01 7.808030e-01 1.000958e+00
1.481481e+00 9.332922e-01 8.714580e-01 7.601743e-01 1.000968e+00
1.483483e+00 9.335904e-01 8.720070e-01 7.611136e-01 1.000943e+00
1.485485e+00 9.397340e-01 8.835433e-01 7.814251e-01 1.000995e+00
1.487487e+00 9.333355e-01 8.715306e-01 7.602765e-01 1.000936e+00
1.489489e+00 9.397252e-01 8.835032e-01 7.812821e-01 1.000902e+00
1.491491e+00 9.334141e-01 8.716809e-01 7.605495e-01 1.000950e+00
1.493493e+00 9.398471e-01 8.837437e-01 7.817695e-01 1.000981e+00
1.495495e+00 9.328645e-01 8.706601e-01 7.587820e-01 1.000967e+00
1.497497e+00 9.391486e-01 8.824222e-01 7.794004e-01 1.000939e+00
1.499499e+00 9.334633e-01 8.717725e-01 7.607104e-01 1.000951e+00
1.501502e+00 9.405918e-01 8.851406e-01 7.842155e-01 1.000947e+00
1.503504e+00 9.335020e-01 8.718435e-01 7.608322e-01 1.000949e+00
1.505506e+00 9.396203e-01 8.833182e-01 7.810092e-01 1.000972e+00
1.507508e+00 9.388902e-01 8.819527e-01 7.785889e-01 1.000962e+00
1.509510e+00 9.398887e-01 8.838191e-01 7.818886e-01 1.000963e+00
1.511512e+00 9.338740e-01 8.725253e-01 7.619865e-01 1.000901e+00
1.513514e+00 9.398125e-01 8.836893e-01 7.816454e-01 1.000946e+00
1.515516e+00 9.337979e-01 8.723882e-01 7.617753e-01 1.000938e+00
1.517518e+00 9.398482e-01 8.837404e-01 7.816977e-01 1.000897e+00
1.519520e+00 9.341002e-01 8.729614e-01 7.627718e-01 1.000932e+00
1.521522e+00 9.392271e-01 8.825541e-01 7.795736e-01 1.000863e+00
1.523524e+00 9.395529e-01 8.831818e-01 7.807450e-01 1.000942e+00
1.525526e+00 9.337645e-01 8.723182e-01 7.616320e-01 1.000911e+00
1.527528e+00 9.330836e-01 8.710685e-01 7.594894e-01 1.000961e+00
1.529530e+00 9.394076e-01 8.829048e-01 7.802348e-01 1.000916e+00
1.531532e+00 9.335143e-01 8.718835e-01 7.609117e-01 1.000961e+00
1.533534e+00 9.393238e-01 8.827391e-01 7.799387e-01 1.000912e+00
1.535536e+00 9.406129e-01 8.851795e-01 7.842875e-01 1.000951e+00
1.537538e+00 9.400797e-01 8.841812e-01 7.825216e-01 1.000953e+00
1.539540e+00 9.398160e-01 8.836714e-01 7.815925e-01 1.000919e+00
1.541542e+00 9.339865e-01 8.727448e-01 7.624132e-01 1.000958e+00
1.543544e+00 9.395078e-01 8.830760e-01 7.805140e-01 1.000886e+00
1.545546e+00 9.341594e-01 8.730572e-01 7.629470e-01 1.000942e+00
1.547548e+00 9.334639e-01 8.717708e-01 7.606803e-01 1.000916e+00
1.549550e+00 9.397416e-01 8.835377e-01 7.813665e-01 1.000932e+00
1.551552e+00 9.393947e-01 8.828857e-01 7.802175e-01 1.000937e+00
1.553554e+00 9.398658e-01 8.837722e-01 7.817598e-01 1.000905e+00
1.555556e+00 9.394170e-01 8.829091e-01 7.802345e-01 1.000906e+00
1.557558e+00 9.341594e-01 8.730600e-01 7.629598e-01 1.000953e+00
1.559560e+00 9.334955e-01 8.718342e-01 7.608418e-01 1.000983e+00
1.561562e+00 9.392939e-01 8.826794e-01 7.798033e-01 1.000873e+00
1.563564e+00 9.338699e-01 8.725202e-01 7.620101e-01 1.000944e+00
1.565566e+00 9.396730e-01 8.834052e-01 7.811216e-01 1.000918e+00
1.567568e+00 9.338254e-01 8.724252e-01 7.618121e-01 1.000902e+00
1.569570e+00 9.390373e-01 8.821955e-01 7.789639e-01 1.000893e+00
1.571572e+00 9.386107e-01 8.814124e-01 7.776222e-01 1.000945e+00
1.573574e+00 9.346205e-01 8.739208e-01 7.644413e-01 1.000921e+00
1.575576e+00 9.398916e-01 8.838149e-01 7.818708e-01 1.000950e+00
1.577578e+00 9.393414e-01 8.827707e-01 7.799802e-01 1.000893e+00
1.579580e+00 9.397082e-01 8.834647e-01 7.812045e-01 1.000890e+00
1.581582e+00 9.390291e-01 8.821796e-01 7.789517e-01 1.000913e+00
1.583584e+00 9.393654e-01 8.828255e-01 7.800850e-01 1.000904e+00
1.585586e+00 9.394510e-01 8.829842e-01 7.803762e-01 1.000917e+00
1.587588e+00 9.333420e-01 8.715248e-01 7.602549e-01 1.000921e+00
1.589590e+00 9.396830e-01 8.834175e-01 7.811407e-01 1.000915e+00
1.591592e+00 9.388000e-01 8.817705e-01 7.782420e-01 1.000930e+00
1.593594e+00 9.343000e-01 8.733178e-01 7.633727e-01 1.000903e+00
1.595596e+00 9.381355e-01 8.805092e-01 7.759830e-01 1.000886e+00
1.597598e+00 9.329699e-01 8.708280e-01 7.590209e-01 1.000896e+00
1.599600e+00 9.400129e-01 8.840396e-01 7.822608e-01 1.000940e+00
1.601602e+00 9.398359e-01 8.836868e-01 7.815693e-01 1.000854e+00
1.603604e+00 9.395553e-01 8.831907e-01 7.807676e-01 1.000951e+00
1.605606e+00 9.398225e-01 8.836844e-01 7.816218e-01 1.000927e+00
1.607608e+00 9.386934e-01 8.815547e-01 7.778457e-01 1.000910e+00
1.609610e+00 9.399285e-01 8.838767e-01 7.819638e-01 1.000929e+00
1.611612e+00 9.399584e-01 8.839365e-01 7.820610e-01 1.000918e+00
1.613614e+00 9.398541e-01 8.837409e-01 7.817163e-01 1.000920e+00
1.615616e+00 9.394539e-01 8.829911e-01 7.803972e-01 1.000929e+00
1.617618e+00 9.333578e-01 8.715550e-01 7.603108e-01 1.000925e+00
1.619620e+00 9.396654e-01 8.833667e-01 7.809917e-01 1.000840e+00
1.621622e+00 9.402906e-01 8.845636e-01 7.831783e-01 1.000927e+00
1.623624e+00 9.340217e-01 8.727989e-01 7.624887e-01 1.000933e+00
1.625626e+00 9.391867e-01 8.824892e-01 7.795041e-01 1.000921e+00
1.627628e+00 9.328082e-01 8.705490e-01 7.585829e-01 1.000960e+00
1.629630e+00 9.389377e-01 8.820295e-01 7.786805e-01 1.000905e+00
1.631632e+00 9.334715e-01 8.717556e-01 7.606291e-01 1.000883e+00
1.633634e+00 9.394598e-01 8.830062e-01 7.804007e-01 1.000899e+00
1.635636e+00 9.390771e-01 8.822900e-01 7.791432e-01 1.000909e+00
1.637638e+00 9.342807e-01 8.732843e-01 7.633115e-01 1.000900e+00
1.639640e+00 9.394609e-01 8.829958e-01 7.804207e-01 1.000948e+00
1.641642e+00 9.325650e-01 8.700732e-01 7.577023e-01 1.000891e+00
1.643644e+00 9.399865e-01 8.840080e-01 7.822408e-01 1.000986e+00
1.645646e+00 9.340293e-01 8.728067e-01 7.624718e-01 1.000893e+00
1.647648e+00 9.398605e-01 8.837460e-01 7.817330e-01 1.000930e+00
1.649650e+00 9.398471e-01 8.837340e-01 7.816826e-01 1.000892e+00
1.651652e+00 9.397686e-01 8.835853e-01 7.814569e-01 1.000940e+00
1.653654e+00 9.391961e-01 8.825103e-01 7.795503e-01 1.000932e+00
1.655656e+00 9.395986e-01 8.832568e-01 7.808474e-01 1.000903e+00
1.657658e+00 9.388551e-01 8.818425e-01 7.783213e-01 1.000868e+00
1.659660e+00 9.392717e-01 8.826465e-01 7.797604e-01 1.000893e+00
1.661662e+00 9.390027e-01 8.821380e-01 7.788661e-01 1.000898e+00
1.663664e+00 9.396437e-01 8.833325e-01 7.809328e-01 1.000841e+00
1.665666e+00 9.397480e-01 8.835298e-01 7.813277e-01 1.000900e+00
1.667668e+00 9.333789e-01 8.715824e-01 7.603291e-01 1.000886e+00
1.669670e+00 9.385715e-01 8.813209e-01 7.774034e-01 1.000871e+00
1.671672e+00 9.396027e-01 8.832694e-01 7.808633e-01 1.000895e+00
1.673674e+00 9.339227e-01 8.725889e-01 7.620641e-01 1.000857e+00
1.675676e+00 9.341734e-01 8.730842e-01 7.630017e-01 1.000952e+00
1.677678e+00 9.339414e-01 8.726386e-01 7.622108e-01 1.000936e+00
1.679680e+00 9.392395e-01 8.825743e-01 7.796420e-01 1.000905e+00
1.681682e+00 9.399754e-01 8.839560e-01 7.820806e-01 1.000899e+00
1.683684e+00 9.337322e-01 8.722406e-01 7.614534e-01 1.000854e+00
1.685686e+00 9.395963e-01 8.832472e-01 7.808136e-01 1.000882e+00
1.687688e+00 9.403656e-01 8.846994e-01 7.834059e-01 1.000911e+00
1.689690e+00 9.395219e-01 8.831418e-01 7.806711e-01 1.000938e+00
1.691692e+00 9.396672e-01 8.833860e-01 7.810842e-01 1.000914e+00
1.693694e+00 9.389488e-01 8.820135e-01 7.786098e-01 1.000851e+00
1.695696e+00 9.336396e-01 8.720904e-01 7.612385e-01 1.000916e+00
1.697698e+00 9.338805e-01 8.725300e-01 7.620331e-01 1.000952e+00
1.699700e+00 9.389980e-01 8.821222e-01 7.788445e-01 1.000906e+00
1.701702e+00 9.387437e-01 8.816589e-01 7.780235e-01 1.000902e+00
1.703704e+00 9.337064e-01 8.722019e-01 7.614292e-01 1.000911e+00
1.705706e+00 9.341617e-01 8.730527e-01 7.629103e-01 1.000904e+00
1.707708e+00 9.332887e-01 8.714242e-01 7.600858e-01 1.000929e+00
1.709710e+00 9.396145e-01 8.832814e-01 7.808746e-01 1.000883e+00
1.711712e+00 9.390168e-01 8.821486e-01 7.788550e-01 1.000859e+00
1.713714e+00 9.335635e-01 8.719239e-01 7.609231e-01 1.000884e+00
1.715716e+00 9.337316e-01 8.722422e-01 7.614707e-01 1.000873e+00
1.717718e+00 9.392535e-01 8.826237e-01 7.797697e-01 1.000957e+00
1.719720e+00 9.404037e-01 8.847686e-01 7.835193e-01 1.000899e+00
1.721722e+00 9.401857e-01 8.843516e-01 7.827721e-01 1.000888e+00
1.723724e+00 9.390297e-01 8.821822e-01 7.789186e-01 1.000865e+00
1.725726e+00 9.397562e-01 8.835470e-01 7.813483e-01 1.000888e+00
1.727728e+00 9.344119e-01 8.735324e-01 7.637617e-01 1.000921e+00
1.729730e+00 9.390326e-01 8.821715e-01 7.788980e-01 1.000863e+00
1.731732e+00 9.334738e-01 8.717569e-01 7.606385e-01 1.000893e+00
1.733734e+00 9.342320e-01 8.731586e-01 7.630509e-01 1.000846e+00
1.735736e+00 9.336010e-01 8.719916e-01 7.610345e-01 1.000875e+00
1.737738e+00 9.387426e-01 8.816342e-01 7.779672e-01 1.000886e+00
1.739740e+00 9.391434e-01 8.823952e-01 7.792990e-01 1.000870e+00
1.741742e+00 9.337229e-01 8.722275e-01 7.614720e-01 1.000908e+00
1.743744e+00 9.391639e-01 8.824308e-01 7.793989e-01 1.000918e+00
1.745746e+00 9.331844e-01 8.712211e-01 7.596924e-01 1.000878e+00
1.747748e+00 9.383383e-01 8.808905e-01 7.766835e-01 1.000922e+00
1.749750e+00 9.339021e-01 8.725646e-01 7.620422e-01 1.000884e+00
1.751752e+00 9.402332e-01 8.844338e-01 7.828672e-01 1.000823e+00
1.753754e+00 9.394645e-01 8.830007e-01 7.803940e-01 1.000903e+00
1.755756e+00 9.335951e-01 8.719801e-01 7.610262e-01 1.000890e+00
1.757758e+00 9.392348e-01 8.825630e-01 7.796033e-01 1.000880e+00
1.759760e+00 9.396930e-01 8.834207e-01 7.811191e-01 1.000880e+00
1.761762e+00 9.393941e-01 8.828589e-01 7.801403e-01 1.000899e+00
1.763764e+00 9.389412e-01 8.820041e-01 7.785965e-01 1.000855e+00
1.765766e+00 9.389025e-01 8.819271e-01 7.784573e-01 1.000851e+00
1.767768e+00 9.401951e-01 8.843799e-01 7.828624e-01 1.000939e+00
1.769770e+00 9.392611e-01 8.826185e-01 7.797080e-01 1.000889e+00
1.771772e+00 9.404500e-01 8.848459e-01 7.836219e-01 1.000855e+00
1.773774e+00 9.398342e-01 8.837017e-01 7.816261e-01 1.000893e+00
1.775776e+00 9.391908e-01 8.824823e-01 7.794542e-01 1.000872e+00
1.777778e+00 9.386869e-01 8.815327e-01 7.777653e-01 1.000856e+00
1.779780e+00 9.391012e-01 8.822973e-01 7.791021e-01 1.000840e+00
1.781782e+00 9.341834e-01 8.731017e-01 7.629954e-01 1.000903e+00
1.783784e+00 9.390537e-01 8.822137e-01 7.789562e-01 1.000842e+00
1.785786e+00 9.338688e-01 8.724999e-01 7.619360e-01 1.000893e+00
1.787788e+00 9.392365e-01 8.825473e-01 7.795321e-01 1.000825e+00
1.789790e+00 9.395113e-01 8.830844e-01 7.805437e-01 1.000905e+00
1.791792e+00 9.399133e-01 8.838399e-01 7.818624e-01 1.000883e+00
1.793794e+00 9.389465e-01 8.820332e-01 7.786776e-01 1.000893e+00
1.795796e+00 9.332646e-01 8.713659e-01 7.599469e-01 1.000880e+00
1.797798e+00 9.404307e-01 8.848323e-01 7.836660e-01 1.000942e+00
1.799800e+00 9.404658e-01 8.848754e-01 7.837135e-01 1.000906e+00
1.801802e+00 9.395922e-01 8.832383e-01 7.808004e-01 1.000885e+00
1.803804e+00 9.391416e-01 8.823803e-01 7.792860e-01 1.000887e+00
1.805806e+00 9.394990e-01 8.830410e-01 7.804186e-01 1.000843e+00
1.807808e+00 9.392770e-01 8.826532e-01 7.797926e-01 1.000919e+00
1.809810e+00 9.344811e-01 8.736470e-01 7.639516e-01 1.000907e+00
1.811812e+00 9.392623e-01 8.826100e-01 7.796636e-01 1.000851e+00
1.813814e+00 9.395119e-01 8.830747e-01 7.804953e-01 1.000865e+00
1.815816e+00 9.336771e-01 8.721389e-01 7.612845e-01 1.000865e+00
1.817818e+00 9.395998e-01 8.832435e-01 7.807964e-01 1.000868e+00
1.819820e+00 9.397053e-01 8.834262e-01 7.811215e-01 1.000871e+00
1.821822e+00 9.334492e-01 8.717060e-01 7.605080e-01 1.000838e+00
1.823824e+00 9.398201e-01 8.836465e-01 7.815094e-01 1.000868e+00
1.825826e+00 9.340809e-01 8.728772e-01 7.625550e-01 1.000841e+00
1.827828e+00 9.404354e-01 8.848263e-01 7.836029e-01 1.000875e+00
1.829830e+00 9.400943e-01 8.841803e-01 7.824660e-01 1.000884e+00
1.831832e+00 9.389875e-01 8.820868e-01 7.787309e-01 1.000840e+00
1.833834e+00 9.395436e-01 8.831253e-01 7.805888e-01 1.000870e+00
1.835836e+00 9.403252e-01 8.845784e-01 7.831135e-01 1.000811e+00
1.837838e+00 9.402109e-01 8.843968e-01 7.828705e-01 1.000911e+00
1.839840e+00 9.384859e-01 8.811424e-01 7.770477e-01 1.000819e+00
1.841842e+00 9.396279e-01 8.832909e-01 7.808737e-01 1.000860e+00
1.843844e+00 9.343352e-01 8.733647e-01 7.634580e-01 1.000907e+00
1.845846e+00 9.391990e-01 8.824767e-01 7.794004e-01 1.000816e+00
1.847848e+00 9.399027e-01 8.838113e-01 7.817849e-01 1.000848e+00
1.849850e+00 9.393344e-01 8.827373e-01 7.799032e-01 1.000870e+00
1.851852e+00 9.334234e-01 8.716633e-01 7.604598e-01 1.000872e+00
1.853854e+00 9.399912e-01 8.839705e-01 7.820835e-01 1.000870e+00
1.855856e+00 9.392447e-01 8.825643e-01 7.795614e-01 1.000824e+00
1.857858e+00 9.338934e-01 8.725375e-01 7.619869e-01 1.000874e+00
1.859860e+00 9.392055e-01 8.824965e-01 7.794562e-01 1.000842e+00
1.861862e+00 9.393320e-01 8.827251e-01 7.798702e-01 1.000855e+00
1.863864e+00 9.336607e-01 8.720814e-01 7.611770e-01 1.000856e+00
1.865866e+00 9.397662e-01 8.835451e-01 7.812999e-01 1.000830e+00
1.867868e+00 9.338734e-01 8.724945e-01 7.619143e-01 1.000877e+00
1.869870e+00 9.395500e-01 8.831326e-01 7.805622e-01 1.000819e+00
1.871872e+00 9.402285e-01 8.844125e-01 7.828523e-01 1.000853e+00
1.873874e+00 9.396906e-01 8.834028e-01 7.810691e-01 1.000857e+00
1.875876e+00 9.401793e-01 8.843217e-01 7.827031e-01 1.000867e+00
1.877878e+00 9.339672e-01 8.726770e-01 7.622418e-01 1.000889e+00
1.879880e+00 9.396742e-01 8.833879e-01 7.810330e-01 1.000844e+00
1.881882e+00 9.337029e-01 8.721763e-01 7.613517e-01 1.000868e+00
1.883884e+00 9.397064e-01 8.834458e-01 7.811513e-01 1.000865e+00
1.885886e+00 9.336912e-01 8.721577e-01 7.613369e-01 1.000891e+00
1.887888e+00 9.388193e-01 8.817702e-01 7.781815e-01 1.000852e+00
1.889890e+00 9.329371e-01 8.707448e-01 7.588359e-01 1.000843e+00
1.891892e+00 9.403768e-01 8.847023e-01 7.833683e-01 1.000856e+00
1.893894e+00 9.338465e-01 8.724379e-01 7.617881e-01 1.000841e+00
1.895896e+00 9.393262e-01 8.827206e-01 7.798852e-01 1.000885e+00
1.897898e+00 9.395248e-01 8.831134e-01 7.805874e-01 1.000895e+00
1.899900e+00 9.396127e-01 8.832566e-01 7.807814e-01 1.000819e+00
1.901902e+00 9.388334e-01 8.818068e-01 7.782563e-01 1.000865e+00
1.903904e+00 9.342256e-01 8.731517e-01 7.630423e-01 1.000851e+00
1.905906e+00 9.392453e-01 8.825426e-01 7.794820e-01 1.000771e+00
1.907908e+00 9.393309e-01 8.827326e-01 7.798784e-01 1.000849e+00
1.909910e+00 9.333924e-01 8.715956e-01 7.603379e-01 1.000868e+00
1.911912e+00 9.335922e-01 8.719603e-01 7.609481e-01 1.000833e+00
1.913914e+00 9.325920e-01 8.701079e-01 7.577215e-01 1.000837e+00
1.915916e+00 9.338898e-01 8.725195e-01 7.619171e-01 1.000823e+00
1.917918e+00 9.331727e-01 8.711838e-01 7.596018e-01 1.000844e+00
1.919920e+00 9.338412e-01 8.724380e-01 7.618152e-01 1.000876e+00
1.921922e+00 9.398500e-01 8.836869e-01 7.815151e-01 1.000784e+00
1.923924e+00 9.398008e-01 8.836116e-01 7.814170e-01 1.000829e+00
1.925926e+00 9.334867e-01 8.717817e-01 7.606683e-01 1.000875e+00
1.927928e+00 9.339039e-01 8.725588e-01 7.620196e-01 1.000868e+00
1.929930e+00 9.336033e-01 8.719962e-01 7.610184e-01 1.000843e+00
1.931932e+00 9.395518e-01 8.831404e-01 7.805746e-01 1.000818e+00
1.933934e+00 9.403281e-01 8.845911e-01 7.831406e-01 1.000817e+00
1.935936e+00 9.402432e-01 8.844411e-01 7.828948e-01 1.000842e+00
1.937938e+00 9.383711e-01 8.809196e-01 7.766382e-01 1.000798e+00
1.939940e+00 9.393367e-01 8.827306e-01 7.798589e-01 1.000828e+00
1.941942e+00 9.331187e-01 8.710891e-01 7.594537e-01 1.000867e+00
1.943944e+00 9.397516e-01 8.835014e-01 7.812254e-01 1.000834e+00
1.945946e+00 9.395400e-01 8.831100e-01 7.805416e-01 1.000844e+00
1.947948e+00 9.394504e-01 8.829547e-01 7.802555e-01 1.000829e+00
1.949950e+00 9.338102e-01 8.723659e-01 7.616718e-01 1.000853e+00
1.951952e+00 9.391803e-01 8.824482e-01 7.793913e-01 1.000869e+00
1.953954e+00 9.324379e-01 8.698138e-01 7.572150e-01 1.000845e+00
1.955956e+00 9.393109e-01 8.826732e-01 7.797527e-01 1.000822e+00
1.957958e+00 9.396156e-01 8.832587e-01 7.808159e-01 1.000859e+00
1.959960e+00 9.343240e-01 8.733408e-01 7.633905e-01 1.000874e+00
1.961962e+00 9.394006e-01 8.828527e-01 7.800904e-01 1.000849e+00
1.963964e+00 9.334018e-01 8.716047e-01 7.603439e-01 1.000854e+00
1.965966e+00 9.342760e-01 8.732364e-01 7.631710e-01 1.000825e+00
1.967968e+00 9.393314e-01 8.827210e-01 7.798365e-01 1.000822e+00
1.969970e+00 9.403000e-01 8.845428e-01 7.830815e-01 1.000851e+00
1.971972e+00 9.337252e-01 8.722174e-01 7.614263e-01 1.000872e+00
1.973974e+00 9.396561e-01 8.833378e-01 7.809516e-01 1.000853e+00
1.975976e+00 9.390865e-01 8.822664e-01 7.790685e-01 1.000867e+00
1.977978e+00 9.339531e-01 8.726497e-01 7.621722e-01 1.000860e+00
1.979980e+00 9.398225e-01 8.836659e-01 7.815682e-01 1.000900e+00
1.981982e+00 9.394744e-01 8.830137e-01 7.804018e-01 1.000883e+00
1.983984e+00 9.394182e-01 8.828800e-01 7.800913e-01 1.000788e+00
1.985986e+00 9.395605e-01 8.831469e-01 7.805853e-01 1.000817e+00
1.987988e+00 9.386764e-01 8.815142e-01 7.777442e-01 1.000871e+00
1.989990e+00 9.400979e-01 8.841600e-01 7.824095e-01 1.000858e+00
1.991992e+00 9.394275e-01 8.828932e-01 7.801155e-01 1.000789e+00
1.993994e+00 9.340322e-01 8.727824e-01 7.623771e-01 1.000824e+00
1.995996e+00 9.342004e-01 8.731040e-01 7.629671e-01 1.000861e+00
1.997998e+00 9.398002e-01 8.836210e-01 7.814792e-01 1.000888e+00
2.000000e+00 9.393631e-01 8.827824e-01 7.799350e-01 1.000809e+00