T/J Real part of <m> <|m|^2> <|m|^4>
0.000000e+00 9.336004e-01 8.760195e-01 7.750980e-01 1.010018e+00
1.010101e+01 9.337820e-01 8.722236e-01 7.612738e-01 1.000657e+00
2.020202e+01 9.335934e-01 8.718655e-01 7.606132e-01 1.000610e+00
3.030303e+01 9.394633e-01 8.828754e-01 7.799443e-01 1.000610e+00
4.040404e+01 9.397193e-01 8.833389e-01 7.807664e-01 1.000614e+00
5.050505e+01 9.402010e-01 8.842590e-01 7.823986e-01 1.000620e+00
6.060606e+01 9.372842e-01 8.787686e-01 7.726386e-01 1.000524e+00
7.070707e+01 9.360098e-01 8.763755e-01 7.685115e-01 1.000622e+00
8.080808e+01 9.362102e-01 8.767414e-01 7.691191e-01 1.000577e+00
9.090909e+01 9.313645e-01 8.677078e-01 7.533480e-01 1.000573e+00
1.010101e+02 9.377922e-01 8.797381e-01 7.743878e-01 1.000580e+00
1.111111e+02 9.366936e-01 8.776372e-01 7.706811e-01 1.000563e+00
1.212121e+02 9.372256e-01 8.786316e-01 7.724218e-01 1.000555e+00
1.313131e+02 9.310035e-01 8.670274e-01 7.521594e-01 1.000563e+00
1.414141e+02 9.431922e-01 8.898590e-01 7.922789e-01 1.000543e+00
1.515152e+02 9.320002e-01 8.688868e-01 7.553994e-01 1.000576e+00
1.616162e+02 9.380670e-01 8.802218e-01 7.752177e-01 1.000551e+00
1.717172e+02 9.402742e-01 8.843808e-01 7.825987e-01 1.000600e+00
1.818182e+02 9.420754e-01 8.877827e-01 7.886175e-01 1.000583e+00
1.919192e+02 9.373223e-01 8.788256e-01 7.727751e-01 1.000571e+00
2.020202e+02 9.318508e-01 8.686020e-01 7.548706e-01 1.000532e+00
2.121212e+02 9.372807e-01 8.787921e-01 7.727378e-01 1.000598e+00
2.222222e+02 9.401781e-01 8.842076e-01 7.822805e-01 1.000585e+00
2.323232e+02 9.407002e-01 8.851780e-01 7.839818e-01 1.000564e+00
2.424242e+02 9.330643e-01 8.708593e-01 7.588215e-01 1.000561e+00
2.525253e+02 9.306004e-01 8.662899e-01 7.508833e-01 1.000566e+00
2.626263e+02 9.375754e-01 8.792891e-01 7.735745e-01 1.000550e+00
2.727273e+02 9.416951e-01 8.870568e-01 7.873099e-01 1.000559e+00
2.828283e+02 9.392775e-01 8.825071e-01 7.792574e-01 1.000563e+00
2.929293e+02 9.349873e-01 8.744585e-01 7.651356e-01 1.000599e+00
3.030303e+02 9.329348e-01 8.706212e-01 7.584268e-01 1.000588e+00
3.131313e+02 9.312244e-01 8.674293e-01 7.528386e-01 1.000538e+00
3.232323e+02 9.379645e-01 8.800084e-01 7.748412e-01 1.000551e+00
3.333333e+02 9.376562e-01 8.794884e-01 7.739157e-01 1.000538e+00
3.434343e+02 9.376562e-01 8.795004e-01 7.739315e-01 1.000531e+00
3.535354e+02 9.422687e-01 8.881320e-01 7.892109e-01 1.000548e+00
3.636364e+02 9.355094e-01 8.754281e-01 7.668091e-01 1.000567e+00
3.737374e+02 9.328902e-01 8.705501e-01 7.583068e-01 1.000593e+00
3.838384e+02 9.377236e-01 8.795780e-01 7.741122e-01 1.000588e+00
3.939394e+02 9.394369e-01 8.828291e-01 7.798596e-01 1.000606e+00
4.040404e+02 9.309684e-01 8.669569e-01 7.520200e-01 1.000540e+00
4.141414e+02 9.379410e-01 8.799853e-01 7.748204e-01 1.000576e+00
4.242424e+02 9.371986e-01 8.785777e-01 7.723335e-01 1.000563e+00
4.343434e+02 9.398043e-01 8.835060e-01 7.810267e-01 1.000569e+00
4.444444e+02 9.443570e-01 8.920595e-01 7.962085e-01 1.000551e+00
4.545455e+02 9.313123e-01 8.675995e-01 7.531298e-01 1.000533e+00
4.646465e+02 9.374816e-01 8.791372e-01 7.733128e-01 1.000557e+00
4.747475e+02 9.407553e-01 8.853046e-01 7.842104e-01 1.000569e+00
4.848485e+02 9.380605e-01 8.802348e-01 7.752524e-01 1.000567e+00
4.949495e+02 9.373422e-01 8.788620e-01 7.728381e-01 1.000569e+00
5.050505e+02 9.380236e-01 8.801812e-01 7.751525e-01 1.000560e+00
5.151515e+02 9.373604e-01 8.788855e-01 7.728668e-01 1.000553e+00
5.252525e+02 9.380482e-01 8.801748e-01 7.751264e-01 1.000540e+00
5.353535e+02 9.383963e-01 8.808509e-01 7.763702e-01 1.000608e+00
5.454545e+02 9.397316e-01 8.833621e-01 7.807739e-01 1.000571e+00
5.555556e+02 9.313270e-01 8.676174e-01 7.531745e-01 1.000551e+00
5.656566e+02 9.372320e-01 8.786455e-01 7.724306e-01 1.000534e+00
5.757576e+02 9.383998e-01 8.808402e-01 7.763043e-01 1.000547e+00
5.858586e+02 9.383998e-01 8.808402e-01 7.763043e-01 1.000547e+00
5.959596e+02 9.418785e-01 8.874081e-01 7.879412e-01 1.000569e+00
6.060606e+02 9.370428e-01 8.782903e-01 7.718272e-01 1.000562e+00
6.161616e+02 9.434061e-01 8.902680e-01 7.930346e-01 1.000577e+00
6.262626e+02 9.315051e-01 8.679461e-01 7.537443e-01 1.000549e+00
6.363636e+02 9.377852e-01 8.796816e-01 7.742610e-01 1.000544e+00
6.464646e+02 9.391158e-01 8.822187e-01 7.787685e-01 1.000589e+00
6.565657e+02 9.374125e-01 8.789854e-01 7.730312e-01 1.000538e+00
6.666667e+02 9.378156e-01 8.797438e-01 7.743906e-01 1.000570e+00
6.767677e+02 9.378156e-01 8.797438e-01 7.743906e-01 1.000570e+00
6.868687e+02 9.319422e-01 8.687701e-01 7.551674e-01 1.000538e+00
6.969697e+02 9.376521e-01 8.794822e-01 7.739079e-01 1.000542e+00
7.070707e+02 9.411695e-01 8.860501e-01 7.855483e-01 1.000590e+00
7.171717e+02 9.411695e-01 8.860501e-01 7.855483e-01 1.000590e+00
7.272727e+02 9.411695e-01 8.860501e-01 7.855483e-01 1.000590e+00
7.373737e+02 9.372168e-01 8.786650e-01 7.724632e-01 1.000532e+00
7.474747e+02 9.375648e-01 8.792728e-01 7.735390e-01 1.000541e+00
7.575758e+02 9.375068e-01 8.791665e-01 7.733921e-01 1.000593e+00
7.676768e+02 9.372684e-01 8.787652e-01 7.726561e-01 1.000554e+00
7.777778e+02 9.429232e-01 8.893551e-01 7.913730e-01 1.000532e+00
7.878788e+02 9.314271e-01 8.678121e-01 7.535186e-01 1.000559e+00
7.979798e+02 9.381414e-01 8.803532e-01 7.754511e-01 1.000554e+00
8.080808e+02 9.379393e-01 8.799628e-01 7.747547e-01 1.000543e+00
8.181818e+02 9.433117e-01 8.900837e-01 7.926634e-01 1.000523e+00
8.282828e+02 9.325199e-01 8.698371e-01 7.570149e-01 1.000527e+00
8.383838e+02 9.370158e-01 8.782636e-01 7.717825e-01 1.000565e+00
8.484848e+02 9.382492e-01 8.806135e-01 7.759285e-01 1.000578e+00
8.585859e+02 9.430240e-01 8.895406e-01 7.917025e-01 1.000531e+00
8.686869e+02 9.373680e-01 8.789021e-01 7.728975e-01 1.000555e+00
8.787879e+02 9.373680e-01 8.789021e-01 7.728975e-01 1.000555e+00
8.888889e+02 9.316328e-01 8.681900e-01 7.541359e-01 1.000507e+00
8.989899e+02 9.435982e-01 8.906351e-01 7.936774e-01 1.000563e+00
9.090909e+02 9.314189e-01 8.678047e-01 7.535309e-01 1.000592e+00
9.191919e+02 9.432033e-01 8.898906e-01 7.923520e-01 1.000564e+00
9.292929e+02 9.375572e-01 8.792611e-01 7.735207e-01 1.000544e+00
9.393939e+02 9.326096e-01 8.700087e-01 7.573240e-01 1.000540e+00
9.494949e+02 9.372068e-01 8.785953e-01 7.723415e-01 1.000533e+00
9.595960e+02 9.372068e-01 8.785953e-01 7.723415e-01 1.000533e+00
9.696970e+02 9.372631e-01 8.787016e-01 7.725354e-01 1.000542e+00
9.797980e+02 9.389184e-01 8.818467e-01 7.780925e-01 1.000564e+00
9.898990e+02 9.433510e-01 8.901611e-01 7.928133e-01 1.000538e+00
1.000000e+03 9.372068e-01 8.785935e-01 7.723391e-01 1.000534e+00