T/J Real part of <m> <|m|^2> <|m|^4>
0.000000e+00 9.677767e-01 9.376302e-01 8.810960e-01 1.002213e+00
2.002002e-03 9.677767e-01 9.376302e-01 8.810960e-01 1.002213e+00
4.004004e-03 9.677767e-01 9.376302e-01 8.810960e-01 1.002213e+00
6.006006e-03 9.677767e-01 9.376302e-01 8.810960e-01 1.002213e+00
8.008008e-03 9.677767e-01 9.376302e-01 8.810960e-01 1.002213e+00
1.001001e-02 9.677767e-01 9.376302e-01 8.810960e-01 1.002213e+00
1.201201e-02 9.677767e-01 9.376302e-01 8.810960e-01 1.002213e+00
1.401401e-02 9.677767e-01 9.376302e-01 8.810960e-01 1.002213e+00
1.601602e-02 9.677767e-01 9.376302e-01 8.810960e-01 1.002213e+00
1.801802e-02 9.677767e-01 9.376302e-01 8.810960e-01 1.002213e+00
2.002002e-02 9.677767e-01 9.376302e-01 8.810960e-01 1.002213e+00
2.202202e-02 9.677767e-01 9.376302e-01 8.810960e-01 1.002213e+00
2.402402e-02 9.677767e-01 9.376302e-01 8.810960e-01 1.002213e+00
2.602603e-02 9.677767e-01 9.376302e-01 8.810960e-01 1.002213e+00
2.802803e-02 9.677767e-01 9.376302e-01 8.810960e-01 1.002213e+00
3.003003e-02 9.677767e-01 9.376302e-01 8.810960e-01 1.002213e+00
3.203203e-02 9.677767e-01 9.376302e-01 8.810960e-01 1.002213e+00
3.403403e-02 9.677767e-01 9.376302e-01 8.810960e-01 1.002213e+00
3.603604e-02 9.677767e-01 9.376302e-01 8.810960e-01 1.002213e+00
3.803804e-02 9.677767e-01 9.376302e-01 8.810960e-01 1.002213e+00
4.004004e-02 9.677767e-01 9.376302e-01 8.810960e-01 1.002213e+00
4.204204e-02 9.677767e-01 9.376302e-01 8.810960e-01 1.002213e+00
4.404404e-02 9.677767e-01 9.376302e-01 8.810960e-01 1.002213e+00
4.604605e-02 9.677767e-01 9.376302e-01 8.810960e-01 1.002213e+00
4.804805e-02 9.677767e-01 9.376302e-01 8.810960e-01 1.002213e+00
5.005005e-02 9.677767e-01 9.376302e-01 8.810960e-01 1.002213e+00
5.205205e-02 9.677767e-01 9.376302e-01 8.810960e-01 1.002213e+00
5.405405e-02 9.677767e-01 9.376302e-01 8.810960e-01 1.002213e+00
5.605606e-02 9.677767e-01 9.376302e-01 8.810960e-01 1.002213e+00
5.805806e-02 9.677767e-01 9.376302e-01 8.810960e-01 1.002213e+00
6.006006e-02 9.677767e-01 9.376302e-01 8.810960e-01 1.002213e+00
6.206206e-02 9.677767e-01 9.376302e-01 8.810960e-01 1.002213e+00
6.406406e-02 9.677767e-01 9.376302e-01 8.810960e-01 1.002213e+00
6.606607e-02 9.677767e-01 9.376302e-01 8.810960e-01 1.002213e+00
6.806807e-02 9.677718e-01 9.376209e-01 8.810782e-01 1.002213e+00
7.007007e-02 9.692367e-01 9.404590e-01 8.864143e-01 1.002206e+00
7.207207e-02 9.692415e-01 9.404684e-01 8.864322e-01 1.002206e+00
7.407407e-02 9.677767e-01 9.376302e-01 8.810960e-01 1.002213e+00
7.607608e-02 9.677736e-01 9.376242e-01 8.810843e-01 1.002213e+00
7.807808e-02 9.692374e-01 9.404604e-01 8.864168e-01 1.002206e+00
8.008008e-02 9.692397e-01 9.404649e-01 8.864253e-01 1.002206e+00
8.208208e-02 9.677701e-01 9.376173e-01 8.810713e-01 1.002212e+00
8.408408e-02 9.692367e-01 9.404589e-01 8.864142e-01 1.002206e+00
8.608609e-02 9.692393e-01 9.404637e-01 8.864225e-01 1.002205e+00
8.808809e-02 9.692405e-01 9.404663e-01 8.864281e-01 1.002206e+00
9.009009e-02 9.692375e-01 9.404605e-01 8.864170e-01 1.002206e+00
9.209209e-02 9.692373e-01 9.404601e-01 8.864163e-01 1.002206e+00
9.409409e-02 9.692400e-01 9.404654e-01 8.864263e-01 1.002206e+00
9.609610e-02 9.692380e-01 9.404613e-01 8.864182e-01 1.002206e+00
9.809810e-02 9.692333e-01 9.404522e-01 8.864009e-01 1.002205e+00
1.001001e-01 9.692377e-01 9.404605e-01 8.864163e-01 1.002205e+00
1.021021e-01 9.677701e-01 9.376166e-01 8.810684e-01 1.002211e+00
1.041041e-01 9.677762e-01 9.376284e-01 8.810908e-01 1.002211e+00
1.061061e-01 9.692409e-01 9.404655e-01 8.864234e-01 1.002203e+00
1.081081e-01 9.692460e-01 9.404757e-01 8.864435e-01 1.002204e+00
1.101101e-01 9.692377e-01 9.404594e-01 8.864126e-01 1.002203e+00
1.121121e-01 9.692348e-01 9.404529e-01 8.863986e-01 1.002201e+00
1.141141e-01 9.692311e-01 9.404457e-01 8.863846e-01 1.002201e+00
1.161161e-01 9.677611e-01 9.375980e-01 8.810308e-01 1.002208e+00
1.181181e-01 9.692497e-01 9.404814e-01 8.864516e-01 1.002201e+00
1.201201e-01 9.677736e-01 9.376204e-01 8.810700e-01 1.002204e+00
1.221221e-01 9.677683e-01 9.376096e-01 8.810488e-01 1.002203e+00
1.241241e-01 9.692368e-01 9.404528e-01 8.863902e-01 1.002192e+00
1.261261e-01 9.677762e-01 9.376254e-01 8.810799e-01 1.002205e+00
1.281281e-01 9.677479e-01 9.375685e-01 8.809672e-01 1.002198e+00
1.301301e-01 9.692383e-01 9.404563e-01 8.863983e-01 1.002194e+00
1.321321e-01 9.692450e-01 9.404681e-01 8.864184e-01 1.002191e+00
1.341341e-01 9.692314e-01 9.404384e-01 8.863565e-01 1.002185e+00
1.361361e-01 9.677591e-01 9.375837e-01 8.809857e-01 1.002187e+00
1.381381e-01 9.692450e-01 9.404633e-01 8.863996e-01 1.002180e+00
1.401401e-01 9.677528e-01 9.375717e-01 8.809629e-01 1.002187e+00
1.421421e-01 9.692405e-01 9.404521e-01 8.863741e-01 1.002175e+00
1.441441e-01 9.677975e-01 9.376530e-01 8.811071e-01 1.002177e+00
1.461461e-01 9.692311e-01 9.404259e-01 8.863112e-01 1.002160e+00
1.481481e-01 9.678130e-01 9.376803e-01 8.811518e-01 1.002169e+00
1.501502e-01 9.692247e-01 9.404144e-01 8.862893e-01 1.002160e+00
1.521522e-01 9.677525e-01 9.375576e-01 8.809096e-01 1.002156e+00
1.541542e-01 9.677418e-01 9.375352e-01 8.808652e-01 1.002154e+00
1.561562e-01 9.692680e-01 9.404926e-01 8.864279e-01 1.002150e+00
1.581582e-01 9.692717e-01 9.404981e-01 8.864352e-01 1.002146e+00
1.601602e-01 9.677616e-01 9.375673e-01 8.809136e-01 1.002140e+00
1.621622e-01 9.677705e-01 9.375807e-01 8.809333e-01 1.002134e+00
1.641642e-01 9.677586e-01 9.375551e-01 8.808803e-01 1.002128e+00
1.661662e-01 9.692146e-01 9.403717e-01 8.861663e-01 1.002112e+00
1.681682e-01 9.677938e-01 9.376182e-01 8.809888e-01 1.002117e+00
1.701702e-01 9.693449e-01 9.406176e-01 8.866201e-01 1.002101e+00
1.721722e-01 9.678610e-01 9.377433e-01 8.812178e-01 1.002110e+00
1.741742e-01 9.677827e-01 9.375830e-01 8.808971e-01 1.002088e+00
1.761762e-01 9.691989e-01 9.403180e-01 8.860194e-01 1.002060e+00
1.781782e-01 9.692170e-01 9.403511e-01 8.860790e-01 1.002057e+00
1.801802e-01 9.692614e-01 9.404359e-01 8.862382e-01 1.002056e+00
1.821822e-01 9.692447e-01 9.404046e-01 8.861815e-01 1.002059e+00
1.841842e-01 9.692159e-01 9.403458e-01 8.860633e-01 1.002050e+00
1.861862e-01 9.678057e-01 9.376016e-01 8.808838e-01 1.002033e+00
1.881882e-01 9.692833e-01 9.404625e-01 8.862587e-01 1.002023e+00
1.901902e-01 9.677967e-01 9.375745e-01 8.808143e-01 1.002012e+00
1.921922e-01 9.677291e-01 9.374403e-01 8.805570e-01 1.002006e+00
1.941942e-01 9.693251e-01 9.405285e-01 8.863548e-01 1.001991e+00
1.961962e-01 9.677972e-01 9.375577e-01 8.807515e-01 1.001976e+00
1.981982e-01 9.692236e-01 9.403234e-01 8.859522e-01 1.001973e+00
2.002002e-01 9.677252e-01 9.374106e-01 8.804605e-01 1.001959e+00
2.022022e-01 9.692988e-01 9.404471e-01 8.861419e-01 1.001924e+00
2.042042e-01 9.691957e-01 9.402442e-01 8.857572e-01 1.001921e+00
2.062062e-01 9.692342e-01 9.403078e-01 8.858575e-01 1.001899e+00
2.082082e-01 9.691683e-01 9.401631e-01 8.855489e-01 1.001858e+00
2.102102e-01 9.676905e-01 9.372994e-01 8.801665e-01 1.001863e+00
2.122122e-01 9.692135e-01 9.402552e-01 8.857317e-01 1.001868e+00
2.142142e-01 9.677522e-01 9.374122e-01 8.803688e-01 1.001852e+00
2.162162e-01 9.677597e-01 9.374213e-01 8.803722e-01 1.001836e+00
2.182182e-01 9.677978e-01 9.374768e-01 8.804449e-01 1.001800e+00
2.202202e-01 9.677532e-01 9.373874e-01 8.802680e-01 1.001790e+00
2.222222e-01 9.692668e-01 9.403068e-01 8.857342e-01 1.001761e+00
2.242242e-01 9.693487e-01 9.404523e-01 8.859874e-01 1.001738e+00
2.262262e-01 9.691693e-01 9.401058e-01 8.853307e-01 1.001733e+00
2.282282e-01 9.693848e-01 9.405135e-01 8.860847e-01 1.001717e+00
2.302302e-01 9.692395e-01 9.402311e-01 8.855496e-01 1.001714e+00
2.322322e-01 9.692534e-01 9.402563e-01 8.855891e-01 1.001705e+00
2.342342e-01 9.691378e-01 9.400075e-01 8.850766e-01 1.001655e+00
2.362362e-01 9.694103e-01 9.405289e-01 8.860444e-01 1.001639e+00
2.382382e-01 9.693647e-01 9.404210e-01 8.858103e-01 1.001604e+00
2.402402e-01 9.679599e-01 9.376846e-01 8.806387e-01 1.001577e+00
2.422422e-01 9.690609e-01 9.398189e-01 8.846430e-01 1.001566e+00
2.442442e-01 9.691942e-01 9.400699e-01 8.851096e-01 1.001560e+00
2.462462e-01 9.678290e-01 9.374200e-01 8.801239e-01 1.001556e+00
2.482482e-01 9.694063e-01 9.404587e-01 8.857960e-01 1.001508e+00
2.502503e-01 9.691604e-01 9.399689e-01 8.848526e-01 1.001484e+00
2.522523e-01 9.693188e-01 9.402624e-01 8.853790e-01 1.001454e+00
2.542543e-01 9.678394e-01 9.374065e-01 8.800286e-01 1.001477e+00
2.562563e-01 9.692893e-01 9.402037e-01 8.852662e-01 1.001452e+00
2.582583e-01 9.676699e-01 9.370513e-01 8.793100e-01 1.001418e+00
2.602603e-01 9.677885e-01 9.372705e-01 8.797036e-01 1.001397e+00
2.622623e-01 9.692066e-01 9.400071e-01 8.848268e-01 1.001373e+00
2.642643e-01 9.692633e-01 9.401099e-01 8.850042e-01 1.001355e+00
2.662663e-01 9.692799e-01 9.401436e-01 8.850718e-01 1.001360e+00
2.682683e-01 9.695068e-01 9.405661e-01 8.858413e-01 1.001330e+00
2.702703e-01 9.677749e-01 9.372041e-01 8.795070e-01 1.001316e+00
2.722723e-01 9.692724e-01 9.400910e-01 8.848990e-01 1.001276e+00
2.742743e-01 9.693079e-01 9.401493e-01 8.849860e-01 1.001250e+00
2.762763e-01 9.693943e-01 9.402950e-01 8.852297e-01 1.001216e+00
2.782783e-01 9.691277e-01 9.397770e-01 8.842421e-01 1.001202e+00
2.802803e-01 9.693666e-01 9.402262e-01 8.850702e-01 1.001182e+00
2.822823e-01 9.691064e-01 9.397205e-01 8.841064e-01 1.001168e+00
2.842843e-01 9.690281e-01 9.395522e-01 8.837595e-01 1.001134e+00
2.862863e-01 9.693019e-01 9.400783e-01 8.847463e-01 1.001131e+00
2.882883e-01 9.677913e-01 9.371408e-01 8.792097e-01 1.001112e+00
2.902903e-01 9.677604e-01 9.370713e-01 8.790585e-01 1.001089e+00
2.922923e-01 9.680106e-01 9.375544e-01 8.799647e-01 1.001088e+00
2.942943e-01 9.678061e-01 9.371585e-01 8.792205e-01 1.001087e+00
2.962963e-01 9.690350e-01 9.395293e-01 8.836507e-01 1.001060e+00
2.982983e-01 9.693902e-01 9.402098e-01 8.849165e-01 1.001043e+00
3.003003e-01 9.677352e-01 9.369891e-01 8.788460e-01 1.001022e+00
3.023023e-01 9.691028e-01 9.396354e-01 8.838107e-01 1.001015e+00
3.043043e-01 9.680377e-01 9.375665e-01 8.799084e-01 1.000998e+00
3.063063e-01 9.675681e-01 9.366350e-01 8.781202e-01 1.000952e+00
3.083083e-01 9.690618e-01 9.395253e-01 8.835439e-01 1.000947e+00
3.103103e-01 9.674934e-01 9.364905e-01 8.778444e-01 1.000946e+00
3.123123e-01 9.678052e-01 9.370809e-01 8.789382e-01 1.000931e+00
3.143143e-01 9.693149e-01 9.399937e-01 8.843795e-01 1.000896e+00
3.163163e-01 9.694706e-01 9.402924e-01 8.849446e-01 1.000899e+00
3.183183e-01 9.693105e-01 9.399751e-01 8.843285e-01 1.000878e+00
3.203203e-01 9.675991e-01 9.366546e-01 8.780858e-01 1.000871e+00
3.223223e-01 9.674383e-01 9.363406e-01 8.774823e-01 1.000854e+00
3.243243e-01 9.678246e-01 9.370869e-01 8.788834e-01 1.000856e+00
3.263263e-01 9.676193e-01 9.366782e-01 8.780993e-01 1.000836e+00
3.283283e-01 9.677730e-01 9.369686e-01 8.786278e-01 1.000818e+00
3.303303e-01 9.694918e-01 9.402964e-01 8.848771e-01 1.000814e+00
3.323323e-01 9.677529e-01 9.369211e-01 8.785176e-01 1.000794e+00
3.343343e-01 9.692863e-01 9.398899e-01 8.841031e-01 1.000804e+00
3.363363e-01 9.694268e-01 9.401561e-01 8.845887e-01 1.000787e+00
3.383383e-01 9.693225e-01 9.399504e-01 8.841912e-01 1.000775e+00
3.403403e-01 9.675448e-01 9.364957e-01 8.776842e-01 1.000753e+00
3.423423e-01 9.694186e-01 9.401257e-01 8.845039e-01 1.000755e+00
3.443443e-01 9.693758e-01 9.400420e-01 8.843422e-01 1.000751e+00
3.463463e-01 9.691491e-01 9.396010e-01 8.835063e-01 1.000743e+00
3.483483e-01 9.676719e-01 9.367265e-01 8.780838e-01 1.000715e+00
3.503504e-01 9.677418e-01 9.368700e-01 8.783728e-01 1.000738e+00
3.523524e-01 9.693032e-01 9.398804e-01 8.839924e-01 1.000699e+00
3.543544e-01 9.690338e-01 9.393584e-01 8.830121e-01 1.000700e+00
3.563564e-01 9.694520e-01 9.401541e-01 8.844894e-01 1.000678e+00
3.583584e-01 9.678221e-01 9.369933e-01 8.785406e-01 1.000665e+00
3.603604e-01 9.691592e-01 9.395834e-01 8.834018e-01 1.000663e+00
3.623624e-01 9.691669e-01 9.395930e-01 8.834128e-01 1.000654e+00
3.643644e-01 9.678744e-01 9.370846e-01 8.786888e-01 1.000639e+00
3.663664e-01 9.691820e-01 9.396081e-01 8.834123e-01 1.000622e+00
3.683684e-01 9.693055e-01 9.398420e-01 8.838417e-01 1.000610e+00
3.703704e-01 9.692408e-01 9.397207e-01 8.836294e-01 1.000628e+00
3.723724e-01 9.689690e-01 9.391877e-01 8.826062e-01 1.000604e+00
3.743744e-01 9.693124e-01 9.398543e-01 8.838686e-01 1.000614e+00
3.763764e-01 9.690542e-01 9.393435e-01 8.828860e-01 1.000589e+00
3.783784e-01 9.677592e-01 9.368310e-01 8.781707e-01 1.000591e+00
3.803804e-01 9.675552e-01 9.364379e-01 8.774262e-01 1.000582e+00
3.823824e-01 9.692863e-01 9.397862e-01 8.837044e-01 1.000573e+00
3.843844e-01 9.677537e-01 9.368134e-01 8.781147e-01 1.000564e+00
3.863864e-01 9.673615e-01 9.360504e-01 8.766771e-01 1.000555e+00
3.883884e-01 9.674512e-01 9.362257e-01 8.770095e-01 1.000560e+00
3.903904e-01 9.676571e-01 9.366207e-01 8.777481e-01 1.000558e+00
3.923924e-01 9.691864e-01 9.395838e-01 8.833073e-01 1.000555e+00
3.943944e-01 9.677953e-01 9.368763e-01 8.782043e-01 1.000532e+00
3.963964e-01 9.693940e-01 9.399781e-01 8.840381e-01 1.000543e+00
3.983984e-01 9.692367e-01 9.396668e-01 8.834380e-01 1.000526e+00
4.004004e-01 9.693105e-01 9.398073e-01 8.836952e-01 1.000518e+00
4.024024e-01 9.676905e-01 9.366597e-01 8.777635e-01 1.000492e+00
4.044044e-01 9.677616e-01 9.368009e-01 8.780406e-01 1.000507e+00
4.064064e-01 9.690543e-01 9.393007e-01 8.827191e-01 1.000491e+00
4.084084e-01 9.689194e-01 9.390416e-01 8.822364e-01 1.000496e+00
4.104104e-01 9.694218e-01 9.400116e-01 8.840640e-01 1.000500e+00
4.124124e-01 9.692793e-01 9.397322e-01 8.835283e-01 1.000489e+00
4.144144e-01 9.676218e-01 9.365196e-01 8.774949e-01 1.000486e+00
4.164164e-01 9.677039e-01 9.366746e-01 8.777723e-01 1.000471e+00
4.184184e-01 9.690190e-01 9.392183e-01 8.825416e-01 1.000466e+00
4.204204e-01 9.676734e-01 9.366120e-01 8.776499e-01 1.000465e+00
4.224224e-01 9.675225e-01 9.363209e-01 8.771127e-01 1.000474e+00
4.244244e-01 9.691111e-01 9.393942e-01 8.828664e-01 1.000459e+00
4.264264e-01 9.676570e-01 9.365777e-01 8.775871e-01 1.000467e+00
4.284284e-01 9.691208e-01 9.394042e-01 8.828687e-01 1.000440e+00
4.304304e-01 9.690237e-01 9.392188e-01 8.825229e-01 1.000443e+00
4.324324e-01 9.676297e-01 9.365148e-01 8.774509e-01 1.000446e+00
4.344344e-01 9.676271e-01 9.365045e-01 8.774206e-01 1.000433e+00
4.364364e-01 9.676473e-01 9.365444e-01 8.774977e-01 1.000436e+00
4.384384e-01 9.678172e-01 9.368723e-01 8.781094e-01 1.000433e+00
4.404404e-01 9.690000e-01 9.391563e-01 8.823785e-01 1.000413e+00
4.424424e-01 9.676831e-01 9.366079e-01 8.776041e-01 1.000422e+00
4.444444e-01 9.678155e-01 9.368623e-01 8.780790e-01 1.000419e+00
4.464464e-01 9.691945e-01 9.395337e-01 8.830887e-01 1.000414e+00
4.484484e-01 9.692638e-01 9.396655e-01 8.833301e-01 1.000406e+00
4.504505e-01 9.692550e-01 9.396517e-01 8.833152e-01 1.000419e+00
4.524525e-01 9.694006e-01 9.399307e-01 8.838326e-01 1.000411e+00
4.544545e-01 9.695028e-01 9.401285e-01 8.842093e-01 1.000416e+00
4.564565e-01 9.692103e-01 9.395527e-01 8.830999e-01 1.000386e+00
4.584585e-01 9.677607e-01 9.367452e-01 8.778386e-01 1.000396e+00
4.604605e-01 9.694814e-01 9.400819e-01 8.841037e-01 1.000396e+00
4.624625e-01 9.694845e-01 9.400821e-01 8.840988e-01 1.000390e+00
4.644645e-01 9.689314e-01 9.390075e-01 8.820672e-01 1.000377e+00
4.664665e-01 9.692509e-01 9.396242e-01 8.832293e-01 1.000380e+00
4.684685e-01 9.693070e-01 9.397303e-01 8.834248e-01 1.000376e+00
4.704705e-01 9.693210e-01 9.397571e-01 8.834659e-01 1.000365e+00
4.724725e-01 9.678785e-01 9.369664e-01 8.782403e-01 1.000381e+00
4.744745e-01 9.674213e-01 9.360797e-01 8.765682e-01 1.000369e+00
4.764765e-01 9.678618e-01 9.369302e-01 8.781591e-01 1.000366e+00
4.784785e-01 9.690067e-01 9.391445e-01 8.823127e-01 1.000363e+00
4.804805e-01 9.690987e-01 9.393226e-01 8.826363e-01 1.000351e+00
4.824825e-01 9.681237e-01 9.374337e-01 8.791084e-01 1.000371e+00
4.844845e-01 9.676425e-01 9.364947e-01 8.773236e-01 1.000344e+00
4.864865e-01 9.691066e-01 9.393350e-01 8.826643e-01 1.000356e+00
4.884885e-01 9.694664e-01 9.400314e-01 8.839702e-01 1.000352e+00
4.904905e-01 9.691543e-01 9.394255e-01 8.828296e-01 1.000350e+00
4.924925e-01 9.678068e-01 9.368150e-01 8.779301e-01 1.000351e+00
4.944945e-01 9.690372e-01 9.391964e-01 8.823933e-01 1.000344e+00
4.964965e-01 9.692835e-01 9.396726e-01 8.832869e-01 1.000342e+00
4.984985e-01 9.693546e-01 9.398060e-01 8.835300e-01 1.000334e+00
5.005005e-01 9.675785e-01 9.363631e-01 8.770621e-01 1.000326e+00
5.025025e-01 9.680235e-01 9.372206e-01 8.786665e-01 1.000323e+00
5.045045e-01 9.691012e-01 9.393082e-01 8.825778e-01 1.000315e+00
5.065065e-01 9.692961e-01 9.396877e-01 8.832995e-01 1.000325e+00
5.085085e-01 9.692345e-01 9.395656e-01 8.830632e-01 1.000317e+00
5.105105e-01 9.690842e-01 9.392751e-01 8.825169e-01 1.000316e+00
5.125125e-01 9.690559e-01 9.392219e-01 8.824217e-01 1.000322e+00
5.145145e-01 9.676587e-01 9.365127e-01 8.773276e-01 1.000310e+00
5.165165e-01 9.688842e-01 9.388869e-01 8.817882e-01 1.000317e+00
5.185185e-01 9.691521e-01 9.394025e-01 8.827465e-01 1.000305e+00
5.205205e-01 9.689159e-01 9.389490e-01 8.818975e-01 1.000309e+00
5.225225e-01 9.695699e-01 9.402099e-01 8.842636e-01 1.000304e+00
5.245245e-01 9.690358e-01 9.391772e-01 8.823211e-01 1.000303e+00
5.265265e-01 9.694999e-01 9.400793e-01 8.840301e-01 1.000318e+00
5.285285e-01 9.678958e-01 9.369671e-01 8.781799e-01 1.000310e+00
5.305305e-01 9.676867e-01 9.365611e-01 8.774153e-01 1.000306e+00
5.325325e-01 9.697062e-01 9.404692e-01 8.847432e-01 1.000295e+00
5.345345e-01 9.690757e-01 9.392478e-01 8.824516e-01 1.000301e+00
5.365365e-01 9.689677e-01 9.390401e-01 8.820629e-01 1.000302e+00
5.385385e-01 9.693701e-01 9.398157e-01 8.835098e-01 1.000290e+00
5.405405e-01 9.677541e-01 9.366829e-01 8.776200e-01 1.000279e+00
5.425425e-01 9.677173e-01 9.366125e-01 8.774959e-01 1.000288e+00
5.445445e-01 9.691384e-01 9.393673e-01 8.826664e-01 1.000290e+00
5.465465e-01 9.692332e-01 9.395457e-01 8.829987e-01 1.000286e+00
5.485485e-01 9.690880e-01 9.392611e-01 8.824523e-01 1.000273e+00
5.505506e-01 9.693832e-01 9.398399e-01 8.835493e-01 1.000283e+00
5.525526e-01 9.696830e-01 9.404194e-01 8.846443e-01 1.000289e+00
5.545546e-01 9.677583e-01 9.366915e-01 8.776447e-01 1.000289e+00
5.565566e-01 9.692173e-01 9.395164e-01 8.829397e-01 1.000282e+00
5.585586e-01 9.680222e-01 9.371966e-01 8.785844e-01 1.000281e+00
5.605606e-01 9.694592e-01 9.399833e-01 8.838181e-01 1.000283e+00
5.625626e-01 9.689729e-01 9.390405e-01 8.820436e-01 1.000280e+00
5.645646e-01 9.692030e-01 9.394868e-01 8.828793e-01 1.000276e+00
5.665666e-01 9.694461e-01 9.399536e-01 8.837516e-01 1.000270e+00
5.685686e-01 9.692857e-01 9.396405e-01 8.831597e-01 1.000267e+00
5.705706e-01 9.678780e-01 9.369150e-01 8.780529e-01 1.000277e+00
5.725726e-01 9.675316e-01 9.362394e-01 8.767646e-01 1.000251e+00
5.745746e-01 9.690815e-01 9.392417e-01 8.824052e-01 1.000261e+00
5.765766e-01 9.693057e-01 9.396777e-01 8.832276e-01 1.000264e+00
5.785786e-01 9.692876e-01 9.396374e-01 8.831404e-01 1.000251e+00
5.805806e-01 9.678169e-01 9.367904e-01 8.778028e-01 1.000258e+00
5.825826e-01 9.693862e-01 9.398313e-01 8.835105e-01 1.000258e+00
5.845846e-01 9.690736e-01 9.392248e-01 8.823771e-01 1.000265e+00
5.865866e-01 9.696216e-01 9.402875e-01 8.843686e-01 1.000258e+00
5.885886e-01 9.677135e-01 9.365961e-01 8.774497e-01 1.000271e+00
5.905906e-01 9.691930e-01 9.394559e-01 8.828036e-01 1.000256e+00
5.925926e-01 9.690795e-01 9.392358e-01 8.823858e-01 1.000251e+00
5.945946e-01 9.695591e-01 9.401659e-01 8.841375e-01 1.000255e+00
5.965966e-01 9.680506e-01 9.372433e-01 8.786534e-01 1.000260e+00
5.985986e-01 9.693153e-01 9.396918e-01 8.832446e-01 1.000254e+00
6.006006e-01 9.674185e-01 9.360209e-01 8.763687e-01 1.000267e+00
6.026026e-01 9.692803e-01 9.396263e-01 8.831204e-01 1.000252e+00
6.046046e-01 9.678010e-01 9.367574e-01 8.777381e-01 1.000255e+00
6.066066e-01 9.682721e-01 9.376650e-01 8.794322e-01 1.000246e+00
6.086086e-01 9.676261e-01 9.364175e-01 8.770961e-01 1.000249e+00
6.106106e-01 9.694019e-01 9.398596e-01 8.835559e-01 1.000249e+00
6.126126e-01 9.692541e-01 9.395739e-01 8.830185e-01 1.000249e+00
6.146146e-01 9.691659e-01 9.393988e-01 8.826841e-01 1.000242e+00
6.166166e-01 9.688420e-01 9.387724e-01 8.815135e-01 1.000250e+00
6.186186e-01 9.677342e-01 9.366218e-01 8.774670e-01 1.000236e+00
6.206206e-01 9.691189e-01 9.393078e-01 8.825138e-01 1.000243e+00
6.226226e-01 9.692056e-01 9.394730e-01 8.828239e-01 1.000243e+00
6.246246e-01 9.694861e-01 9.400174e-01 8.838526e-01 1.000249e+00
6.266266e-01 9.692805e-01 9.396200e-01 8.831007e-01 1.000244e+00
6.286286e-01 9.693987e-01 9.398451e-01 8.835218e-01 1.000241e+00
6.306306e-01 9.693868e-01 9.398240e-01 8.834806e-01 1.000239e+00
6.326326e-01 9.678357e-01 9.368154e-01 8.778319e-01 1.000238e+00
6.346346e-01 9.690911e-01 9.392435e-01 8.823788e-01 1.000227e+00
6.366366e-01 9.693755e-01 9.397979e-01 8.834230e-01 1.000230e+00
6.386386e-01 9.692318e-01 9.395151e-01 8.828852e-01 1.000223e+00
6.406406e-01 9.678890e-01 9.369150e-01 8.780076e-01 1.000225e+00
6.426426e-01 9.689172e-01 9.389083e-01 8.817422e-01 1.000219e+00
6.446446e-01 9.692075e-01 9.394695e-01 8.828027e-01 1.000226e+00
6.466466e-01 9.693408e-01 9.397287e-01 8.832897e-01 1.000226e+00
6.486486e-01 9.676335e-01 9.364185e-01 8.770719e-01 1.000219e+00
6.506507e-01 9.694003e-01 9.398445e-01 8.835098e-01 1.000229e+00
6.526527e-01 9.695789e-01 9.401874e-01 8.841466e-01 1.000220e+00
6.546547e-01 9.677972e-01 9.367347e-01 8.776626e-01 1.000217e+00
6.566567e-01 9.695178e-01 9.400715e-01 8.839318e-01 1.000223e+00
6.586587e-01 9.691973e-01 9.394502e-01 8.827619e-01 1.000221e+00
6.606607e-01 9.690811e-01 9.392201e-01 8.823212e-01 1.000212e+00
6.626627e-01 9.694935e-01 9.400176e-01 8.838147e-01 1.000206e+00
6.646647e-01 9.689099e-01 9.388870e-01 8.816943e-01 1.000211e+00
6.666667e-01 9.690656e-01 9.391917e-01 8.822677e-01 1.000212e+00
6.686687e-01 9.691844e-01 9.394178e-01 8.826890e-01 1.000207e+00
6.706707e-01 9.674468e-01 9.360544e-01 8.763738e-01 1.000201e+00
6.726727e-01 9.692137e-01 9.394768e-01 8.828078e-01 1.000217e+00
6.746747e-01 9.682417e-01 9.375951e-01 8.792739e-01 1.000215e+00
6.766767e-01 9.676284e-01 9.364003e-01 8.770227e-01 1.000202e+00
6.786787e-01 9.693805e-01 9.398018e-01 8.834234e-01 1.000222e+00
6.806807e-01 9.693086e-01 9.396591e-01 8.831453e-01 1.000211e+00
6.826827e-01 9.695308e-01 9.400887e-01 8.839542e-01 1.000212e+00
6.846847e-01 9.694694e-01 9.399738e-01 8.837468e-01 1.000222e+00
6.866867e-01 9.676718e-01 9.364877e-01 8.771933e-01 1.000210e+00
6.886887e-01 9.679327e-01 9.369917e-01 8.781402e-01 1.000213e+00
6.906907e-01 9.675571e-01 9.362629e-01 8.767634e-01 1.000200e+00
6.926927e-01 9.693118e-01 9.396628e-01 8.831512e-01 1.000209e+00
6.946947e-01 9.677025e-01 9.365440e-01 8.772905e-01 1.000200e+00
6.966967e-01 9.692824e-01 9.396016e-01 8.830270e-01 1.000199e+00
6.986987e-01 9.693294e-01 9.396951e-01 8.832056e-01 1.000202e+00
7.007007e-01 9.692462e-01 9.395332e-01 8.828989e-01 1.000200e+00
7.027027e-01 9.676965e-01 9.365328e-01 8.772723e-01 1.000204e+00
7.047047e-01 9.694806e-01 9.399851e-01 8.837473e-01 1.000198e+00
7.067067e-01 9.682598e-01 9.376207e-01 8.793081e-01 1.000200e+00
7.087087e-01 9.693577e-01 9.397491e-01 8.833018e-01 1.000196e+00
7.107107e-01 9.679182e-01 9.369554e-01 8.780527e-01 1.000191e+00
7.127127e-01 9.678158e-01 9.367596e-01 8.776890e-01 1.000194e+00
7.147147e-01 9.677024e-01 9.365406e-01 8.772805e-01 1.000196e+00
7.167167e-01 9.692670e-01 9.395708e-01 8.829642e-01 1.000194e+00
7.187187e-01 9.678943e-01 9.369111e-01 8.779729e-01 1.000194e+00
7.207207e-01 9.696232e-01 9.402616e-01 8.842716e-01 1.000203e+00
7.227227e-01 9.693921e-01 9.398145e-01 8.834310e-01 1.000203e+00
7.247247e-01 9.694190e-01 9.398659e-01 8.835212e-01 1.000196e+00
7.267267e-01 9.674787e-01 9.361055e-01 8.764630e-01 1.000193e+00
7.287287e-01 9.675345e-01 9.362171e-01 8.766791e-01 1.000201e+00
7.307307e-01 9.690128e-01 9.390754e-01 8.820369e-01 1.000198e+00
7.327327e-01 9.692330e-01 9.395040e-01 8.828343e-01 1.000189e+00
7.347347e-01 9.679885e-01 9.370905e-01 8.783103e-01 1.000196e+00
7.367367e-01 9.692601e-01 9.395587e-01 8.829529e-01 1.000207e+00
7.387387e-01 9.691335e-01 9.393127e-01 8.824833e-01 1.000198e+00
7.407407e-01 9.680417e-01 9.371910e-01 8.784854e-01 1.000180e+00
7.427427e-01 9.691744e-01 9.393941e-01 8.826421e-01 1.000205e+00
7.447447e-01 9.680352e-01 9.371848e-01 8.784901e-01 1.000199e+00
7.467467e-01 9.693495e-01 9.397289e-01 8.832596e-01 1.000192e+00
7.487487e-01 9.690745e-01 9.391917e-01 8.822433e-01 1.000184e+00
7.507508e-01 9.693142e-01 9.396578e-01 8.831269e-01 1.000193e+00
7.527528e-01 9.678785e-01 9.368766e-01 8.779019e-01 1.000187e+00
7.547548e-01 9.691879e-01 9.394174e-01 8.826812e-01 1.000200e+00
7.567568e-01 9.691464e-01 9.393333e-01 8.825091e-01 1.000184e+00
7.587588e-01 9.694056e-01 9.398320e-01 8.834369e-01 1.000173e+00
7.607608e-01 9.679475e-01 9.370113e-01 8.781558e-01 1.000189e+00
7.627628e-01 9.689304e-01 9.389105e-01 8.817168e-01 1.000186e+00
7.647648e-01 9.694672e-01 9.399560e-01 8.836895e-01 1.000195e+00
7.667668e-01 9.694908e-01 9.399995e-01 8.837592e-01 1.000181e+00
7.687688e-01 9.692906e-01 9.396073e-01 8.830153e-01 1.000174e+00
7.707708e-01 9.680582e-01 9.372209e-01 8.785451e-01 1.000184e+00
7.727728e-01 9.691984e-01 9.394314e-01 8.826877e-01 1.000177e+00
7.747748e-01 9.679148e-01 9.369438e-01 8.780253e-01 1.000184e+00
7.767768e-01 9.682025e-01 9.375009e-01 8.790708e-01 1.000185e+00
7.787788e-01 9.693042e-01 9.396361e-01 8.830774e-01 1.000183e+00
7.807808e-01 9.689888e-01 9.390266e-01 8.819283e-01 1.000179e+00
7.827828e-01 9.678096e-01 9.367370e-01 8.776279e-01 1.000173e+00
7.847848e-01 9.692015e-01 9.394321e-01 8.826810e-01 1.000168e+00
7.867868e-01 9.693650e-01 9.397556e-01 8.833071e-01 1.000189e+00
7.887888e-01 9.678667e-01 9.368505e-01 8.778457e-01 1.000179e+00
7.907908e-01 9.677247e-01 9.365769e-01 8.773340e-01 1.000180e+00
7.927928e-01 9.691605e-01 9.393527e-01 8.825327e-01 1.000169e+00
7.947948e-01 9.691349e-01 9.393070e-01 8.824549e-01 1.000178e+00
7.967968e-01 9.691694e-01 9.393699e-01 8.825679e-01 1.000172e+00
7.987988e-01 9.690903e-01 9.392151e-01 8.822711e-01 1.000166e+00
8.008008e-01 9.688813e-01 9.388130e-01 8.815188e-01 1.000169e+00
8.028028e-01 9.691889e-01 9.394095e-01 8.826490e-01 1.000180e+00
8.048048e-01 9.675517e-01 9.362361e-01 8.766855e-01 1.000168e+00
8.068068e-01 9.675070e-01 9.361479e-01 8.765203e-01 1.000168e+00
8.088088e-01 9.675927e-01 9.363185e-01 8.768411e-01 1.000170e+00
8.108108e-01 9.677232e-01 9.365676e-01 8.773092e-01 1.000171e+00
8.128128e-01 9.694853e-01 9.399799e-01 8.837126e-01 1.000170e+00
8.148148e-01 9.692378e-01 9.395046e-01 8.828178e-01 1.000169e+00
8.168168e-01 9.694013e-01 9.398211e-01 8.834194e-01 1.000176e+00
8.188188e-01 9.693621e-01 9.397406e-01 8.832575e-01 1.000164e+00
8.208208e-01 9.674607e-01 9.360611e-01 8.763629e-01 1.000174e+00
8.228228e-01 9.676513e-01 9.364290e-01 8.770528e-01 1.000175e+00
8.248248e-01 9.677074e-01 9.365326e-01 8.772302e-01 1.000156e+00
8.268268e-01 9.692005e-01 9.394299e-01 8.826806e-01 1.000172e+00
8.288288e-01 9.689260e-01 9.388955e-01 8.816696e-01 1.000164e+00
8.308308e-01 9.691680e-01 9.393670e-01 8.825619e-01 1.000172e+00
8.328328e-01 9.680225e-01 9.371447e-01 8.783877e-01 1.000168e+00
8.348348e-01 9.694533e-01 9.399209e-01 8.836044e-01 1.000173e+00
8.368368e-01 9.695575e-01 9.401210e-01 8.839728e-01 1.000164e+00
8.388388e-01 9.695156e-01 9.400390e-01 8.838219e-01 1.000168e+00
8.408408e-01 9.690638e-01 9.391667e-01 8.821887e-01 1.000175e+00
8.428428e-01 9.677252e-01 9.365697e-01 8.773080e-01 1.000165e+00
8.448448e-01 9.692453e-01 9.395181e-01 8.828441e-01 1.000170e+00
8.468468e-01 9.677778e-01 9.366739e-01 8.775086e-01 1.000172e+00
8.488488e-01 9.674274e-01 9.359935e-01 8.762239e-01 1.000160e+00
8.508509e-01 9.694788e-01 9.399667e-01 8.836840e-01 1.000166e+00
8.528529e-01 9.676000e-01 9.363278e-01 8.768561e-01 1.000167e+00
8.548549e-01 9.693521e-01 9.397201e-01 8.832160e-01 1.000161e+00
8.568569e-01 9.677292e-01 9.365758e-01 8.773170e-01 1.000163e+00
8.588589e-01 9.692296e-01 9.394876e-01 8.827894e-01 1.000173e+00
8.608609e-01 9.678590e-01 9.368279e-01 8.777870e-01 1.000160e+00
8.628629e-01 9.679444e-01 9.369943e-01 8.781039e-01 1.000166e+00
8.648649e-01 9.691716e-01 9.393726e-01 8.825742e-01 1.000174e+00
8.668669e-01 9.693042e-01 9.396262e-01 8.830346e-01 1.000155e+00
8.688689e-01 9.675782e-01 9.362851e-01 8.767768e-01 1.000168e+00
8.708709e-01 9.687745e-01 9.386002e-01 8.811078e-01 1.000156e+00
8.728729e-01 9.691576e-01 9.393407e-01 8.825020e-01 1.000160e+00
8.748749e-01 9.687020e-01 9.384567e-01 8.808315e-01 1.000148e+00
8.768769e-01 9.692857e-01 9.395921e-01 8.829759e-01 1.000161e+00
8.788789e-01 9.691378e-01 9.393029e-01 8.824259e-01 1.000154e+00
8.808809e-01 9.693799e-01 9.397751e-01 8.833231e-01 1.000165e+00
8.828829e-01 9.690199e-01 9.390752e-01 8.820002e-01 1.000157e+00
8.848849e-01 9.692988e-01 9.396135e-01 8.830099e-01 1.000154e+00
8.868869e-01 9.672347e-01 9.356164e-01 8.755169e-01 1.000159e+00
8.888889e-01 9.676079e-01 9.363377e-01 8.768646e-01 1.000155e+00
8.908909e-01 9.696515e-01 9.402996e-01 8.843071e-01 1.000163e+00
8.928929e-01 9.689731e-01 9.389838e-01 8.818281e-01 1.000156e+00
8.948949e-01 9.692705e-01 9.395586e-01 8.829059e-01 1.000154e+00
8.968969e-01 9.691482e-01 9.393213e-01 8.824617e-01 1.000156e+00
8.988989e-01 9.694384e-01 9.398857e-01 8.835288e-01 1.000163e+00
9.009009e-01 9.673627e-01 9.358610e-01 8.759663e-01 1.000149e+00
9.029029e-01 9.694101e-01 9.398278e-01 8.834119e-01 1.000154e+00
9.049049e-01 9.676573e-01 9.364332e-01 8.770453e-01 1.000157e+00
9.069069e-01 9.675943e-01 9.363096e-01 8.768062e-01 1.000149e+00
9.089089e-01 9.694089e-01 9.398302e-01 8.834189e-01 1.000156e+00
9.109109e-01 9.692251e-01 9.394683e-01 8.827362e-01 1.000154e+00
9.129129e-01 9.689449e-01 9.389287e-01 8.817203e-01 1.000151e+00
9.149149e-01 9.676089e-01 9.363378e-01 8.768614e-01 1.000152e+00
9.169169e-01 9.694814e-01 9.399638e-01 8.836663e-01 1.000152e+00
9.189189e-01 9.695113e-01 9.400262e-01 8.837888e-01 1.000158e+00
9.209209e-01 9.680923e-01 9.372732e-01 8.786125e-01 1.000150e+00
9.229229e-01 9.694089e-01 9.398270e-01 8.834123e-01 1.000156e+00
9.249249e-01 9.676927e-01 9.364988e-01 8.771602e-01 1.000149e+00
9.269269e-01 9.694390e-01 9.398846e-01 8.835210e-01 1.000156e+00
9.289289e-01 9.680513e-01 9.371948e-01 8.784679e-01 1.000152e+00
9.309309e-01 9.678095e-01 9.367278e-01 8.775920e-01 1.000151e+00
9.329329e-01 9.690503e-01 9.391281e-01 8.820933e-01 1.000149e+00
9.349349e-01 9.690700e-01 9.391668e-01 8.821643e-01 1.000147e+00
9.369369e-01 9.692664e-01 9.395495e-01 8.828880e-01 1.000153e+00
9.389389e-01 9.677208e-01 9.365513e-01 8.772513e-01 1.000140e+00
9.409409e-01 9.689888e-01 9.390098e-01 8.818696e-01 1.000148e+00
9.429429e-01 9.694410e-01 9.398840e-01 8.835072e-01 1.000142e+00
9.449449e-01 9.697104e-01 9.404082e-01 8.844964e-01 1.000146e+00
9.469469e-01 9.691853e-01 9.393912e-01 8.825861e-01 1.000148e+00
9.489489e-01 9.690531e-01 9.391336e-01 8.821024e-01 1.000148e+00
9.509510e-01 9.689252e-01 9.388876e-01 8.816425e-01 1.000151e+00
9.529530e-01 9.689771e-01 9.389865e-01 8.818319e-01 1.000154e+00
9.549550e-01 9.693238e-01 9.396584e-01 8.830869e-01 1.000146e+00
9.569570e-01 9.693542e-01 9.397176e-01 8.831972e-01 1.000145e+00
9.589590e-01 9.679396e-01 9.369766e-01 8.780557e-01 1.000149e+00
9.609610e-01 9.690600e-01 9.391475e-01 8.821267e-01 1.000146e+00
9.629630e-01 9.689434e-01 9.389275e-01 8.817232e-01 1.000157e+00
9.649650e-01 9.691188e-01 9.392590e-01 8.823333e-01 1.000143e+00
9.669670e-01 9.693153e-01 9.396419e-01 8.830575e-01 1.000148e+00
9.689690e-01 9.690499e-01 9.391269e-01 8.820859e-01 1.000144e+00
9.709710e-01 9.695235e-01 9.400476e-01 8.838207e-01 1.000148e+00
9.729730e-01 9.690038e-01 9.390368e-01 8.819181e-01 1.000145e+00
9.749750e-01 9.692346e-01 9.394840e-01 8.827564e-01 1.000143e+00
9.769770e-01 9.693908e-01 9.397883e-01 8.833314e-01 1.000147e+00
9.789790e-01 9.676776e-01 9.364678e-01 8.770932e-01 1.000138e+00
9.809810e-01 9.691614e-01 9.393403e-01 8.824866e-01 1.000143e+00
9.829830e-01 9.692115e-01 9.394410e-01 8.826791e-01 1.000147e+00
9.849850e-01 9.691485e-01 9.393203e-01 8.824594e-01 1.000155e+00
9.869870e-01 9.694233e-01 9.398524e-01 8.834522e-01 1.000147e+00
9.889890e-01 9.693750e-01 9.397552e-01 8.832677e-01 1.000145e+00
9.909910e-01 9.677214e-01 9.365538e-01 8.772662e-01 1.000152e+00
9.929930e-01 9.676721e-01 9.364565e-01 8.770770e-01 1.000144e+00
9.949950e-01 9.690042e-01 9.390373e-01 8.819191e-01 1.000145e+00
9.969970e-01 9.689242e-01 9.388834e-01 8.816348e-01 1.000151e+00
9.989990e-01 9.692466e-01 9.395097e-01 8.828127e-01 1.000152e+00
1.001001e+00 9.695412e-01 9.400790e-01 8.838772e-01 1.000146e+00
1.003003e+00 9.694082e-01 9.398225e-01 8.833994e-01 1.000151e+00
1.005005e+00 9.692121e-01 9.394430e-01 8.826871e-01 1.000152e+00
1.007007e+00 9.680339e-01 9.371589e-01 8.783976e-01 1.000149e+00
1.009009e+00 9.694029e-01 9.398088e-01 8.833645e-01 1.000140e+00
1.011011e+00 9.694192e-01 9.398392e-01 8.834258e-01 1.000145e+00
1.013013e+00 9.676945e-01 9.364986e-01 8.771511e-01 1.000138e+00
1.015015e+00 9.693969e-01 9.397985e-01 8.833478e-01 1.000143e+00
1.017017e+00 9.691331e-01 9.392863e-01 8.823840e-01 1.000142e+00
1.019019e+00 9.695531e-01 9.400989e-01 8.839097e-01 1.000140e+00
1.021021e+00 9.690742e-01 9.391702e-01 8.821582e-01 1.000133e+00
1.023023e+00 9.676507e-01 9.364159e-01 8.770069e-01 1.000151e+00
1.025025e+00 9.693402e-01 9.396871e-01 8.831376e-01 1.000142e+00
1.027027e+00 9.678708e-01 9.368393e-01 8.777900e-01 1.000139e+00
1.029029e+00 9.680406e-01 9.371677e-01 8.784038e-01 1.000137e+00
1.031031e+00 9.692493e-01 9.395078e-01 8.827962e-01 1.000138e+00
1.033033e+00 9.692685e-01 9.395478e-01 8.828732e-01 1.000139e+00
1.035035e+00 9.690714e-01 9.391655e-01 8.821546e-01 1.000139e+00
1.037037e+00 9.679485e-01 9.369885e-01 8.780651e-01 1.000134e+00
1.039039e+00 9.692989e-01 9.396073e-01 8.829861e-01 1.000141e+00
1.041041e+00 9.693254e-01 9.396598e-01 8.830905e-01 1.000147e+00
1.043043e+00 9.693199e-01 9.396487e-01 8.830683e-01 1.000146e+00
1.045045e+00 9.676860e-01 9.364815e-01 8.771242e-01 1.000144e+00
1.047047e+00 9.678730e-01 9.368404e-01 8.777856e-01 1.000132e+00
1.049049e+00 9.695582e-01 9.401089e-01 8.839223e-01 1.000133e+00
1.051051e+00 9.692869e-01 9.395851e-01 8.829459e-01 1.000142e+00
1.053053e+00 9.690272e-01 9.390782e-01 8.819869e-01 1.000135e+00
1.055055e+00 9.680201e-01 9.371257e-01 8.783239e-01 1.000136e+00
1.057057e+00 9.690827e-01 9.391830e-01 8.821804e-01 1.000131e+00
1.059059e+00 9.675864e-01 9.362843e-01 8.767443e-01 1.000132e+00
1.061061e+00 9.688833e-01 9.388006e-01 8.814721e-01 1.000142e+00
1.063063e+00 9.680030e-01 9.370922e-01 8.782581e-01 1.000133e+00
1.065065e+00 9.693155e-01 9.396361e-01 8.830310e-01 1.000130e+00
1.067067e+00 9.691946e-01 9.394006e-01 8.825863e-01 1.000128e+00
1.069069e+00 9.694371e-01 9.398726e-01 8.834791e-01 1.000134e+00
1.071071e+00 9.691924e-01 9.393954e-01 8.825743e-01 1.000125e+00
1.073073e+00 9.678347e-01 9.367661e-01 8.776499e-01 1.000136e+00
1.075075e+00 9.676866e-01 9.364798e-01 8.771136e-01 1.000136e+00
1.077077e+00 9.692939e-01 9.395941e-01 8.829568e-01 1.000136e+00
1.079079e+00 9.677459e-01 9.365946e-01 8.773228e-01 1.000129e+00
1.081081e+00 9.680969e-01 9.372714e-01 8.785910e-01 1.000129e+00
1.083083e+00 9.678678e-01 9.368317e-01 8.777748e-01 1.000138e+00
1.085085e+00 9.677562e-01 9.366130e-01 8.773568e-01 1.000129e+00
1.087087e+00 9.676652e-01 9.364394e-01 8.770374e-01 1.000135e+00
1.089089e+00 9.690499e-01 9.391222e-01 8.820671e-01 1.000132e+00
1.091091e+00 9.693628e-01 9.397266e-01 8.832048e-01 1.000134e+00
1.093093e+00 9.677437e-01 9.365894e-01 8.773134e-01 1.000130e+00
1.095095e+00 9.676116e-01 9.363342e-01 8.768369e-01 1.000131e+00
1.097097e+00 9.694299e-01 9.398590e-01 8.834555e-01 1.000136e+00
1.099099e+00 9.695304e-01 9.400476e-01 8.837989e-01 1.000124e+00
1.101101e+00 9.692050e-01 9.394212e-01 8.826244e-01 1.000127e+00
1.103103e+00 9.675300e-01 9.361755e-01 8.765381e-01 1.000129e+00
1.105105e+00 9.689179e-01 9.388652e-01 8.815839e-01 1.000132e+00
1.107107e+00 9.677408e-01 9.365837e-01 8.773036e-01 1.000131e+00
1.109109e+00 9.696632e-01 9.403105e-01 8.843007e-01 1.000132e+00
1.111111e+00 9.677116e-01 9.365294e-01 8.772090e-01 1.000139e+00
1.113113e+00 9.680421e-01 9.371659e-01 8.783941e-01 1.000130e+00
1.115115e+00 9.692958e-01 9.395974e-01 8.829581e-01 1.000130e+00
1.117117e+00 9.690495e-01 9.391186e-01 8.820626e-01 1.000135e+00
1.119119e+00 9.678854e-01 9.368650e-01 8.778359e-01 1.000137e+00
1.121121e+00 9.689840e-01 9.389907e-01 8.818157e-01 1.000127e+00
1.123123e+00 9.693246e-01 9.396496e-01 8.830509e-01 1.000124e+00
1.125125e+00 9.690767e-01 9.391764e-01 8.821738e-01 1.000138e+00
1.127127e+00 9.679894e-01 9.370646e-01 8.782036e-01 1.000129e+00
1.129129e+00 9.690335e-01 9.390887e-01 8.820031e-01 1.000131e+00
1.131131e+00 9.688593e-01 9.387491e-01 8.813582e-01 1.000123e+00
1.133133e+00 9.676076e-01 9.363266e-01 8.768210e-01 1.000129e+00
1.135135e+00 9.679628e-01 9.370098e-01 8.780960e-01 1.000124e+00
1.137137e+00 9.695299e-01 9.400487e-01 8.838033e-01 1.000127e+00
1.139139e+00 9.693561e-01 9.397134e-01 8.831804e-01 1.000135e+00
1.141141e+00 9.694842e-01 9.399587e-01 8.836340e-01 1.000126e+00
1.143143e+00 9.692920e-01 9.395861e-01 8.829256e-01 1.000117e+00
1.145145e+00 9.691305e-01 9.392768e-01 8.823522e-01 1.000126e+00
1.147147e+00 9.675537e-01 9.362216e-01 8.766248e-01 1.000130e+00
1.149149e+00 9.677090e-01 9.365205e-01 8.771828e-01 1.000128e+00
1.151151e+00 9.690807e-01 9.391785e-01 8.821673e-01 1.000126e+00
1.153153e+00 9.676683e-01 9.364415e-01 8.770329e-01 1.000126e+00
1.155155e+00 9.692463e-01 9.394968e-01 8.827640e-01 1.000124e+00
1.157157e+00 9.695884e-01 9.401599e-01 8.840089e-01 1.000122e+00
1.159159e+00 9.675855e-01 9.362813e-01 8.767367e-01 1.000130e+00
1.161161e+00 9.688968e-01 9.388184e-01 8.814851e-01 1.000119e+00
1.163163e+00 9.677444e-01 9.365876e-01 8.773068e-01 1.000126e+00
1.165165e+00 9.692951e-01 9.395929e-01 8.829475e-01 1.000128e+00
1.167167e+00 9.692389e-01 9.394823e-01 8.827332e-01 1.000120e+00
1.169169e+00 9.691812e-01 9.393712e-01 8.825270e-01 1.000123e+00
1.171171e+00 9.694265e-01 9.398477e-01 8.834247e-01 1.000126e+00
1.173173e+00 9.693287e-01 9.396563e-01 8.830641e-01 1.000125e+00
1.175175e+00 9.694801e-01 9.399514e-01 8.836232e-01 1.000130e+00
1.177177e+00 9.691514e-01 9.393114e-01 8.824128e-01 1.000121e+00
1.179179e+00 9.693023e-01 9.396034e-01 8.829603e-01 1.000120e+00
1.181181e+00 9.677922e-01 9.366777e-01 8.774676e-01 1.000117e+00
1.183183e+00 9.693818e-01 9.397609e-01 8.832607e-01 1.000125e+00
1.185185e+00 9.677162e-01 9.365291e-01 8.771858e-01 1.000113e+00
1.187187e+00 9.693561e-01 9.397112e-01 8.831664e-01 1.000124e+00
1.189189e+00 9.692576e-01 9.395186e-01 8.828052e-01 1.000125e+00
1.191191e+00 9.676434e-01 9.363891e-01 8.769238e-01 1.000113e+00
1.193193e+00 9.690971e-01 9.392078e-01 8.822228e-01 1.000126e+00
1.195195e+00 9.688855e-01 9.387989e-01 8.814542e-01 1.000126e+00
1.197197e+00 9.678470e-01 9.367836e-01 8.776693e-01 1.000121e+00
1.199199e+00 9.677074e-01 9.365152e-01 8.771674e-01 1.000122e+00
1.201201e+00 9.692083e-01 9.394213e-01 8.826204e-01 1.000122e+00
1.203203e+00 9.676038e-01 9.363131e-01 8.767867e-01 1.000119e+00
1.205205e+00 9.675498e-01 9.362111e-01 8.766001e-01 1.000124e+00
1.207207e+00 9.693498e-01 9.396982e-01 8.831417e-01 1.000124e+00
1.209209e+00 9.691822e-01 9.393731e-01 8.825327e-01 1.000126e+00
1.211211e+00 9.690164e-01 9.390522e-01 8.819304e-01 1.000126e+00
1.213213e+00 9.691253e-01 9.392603e-01 8.823128e-01 1.000117e+00
1.215215e+00 9.680189e-01 9.371188e-01 8.783035e-01 1.000127e+00
1.217217e+00 9.691160e-01 9.392456e-01 8.822966e-01 1.000130e+00
1.219219e+00 9.693227e-01 9.396451e-01 8.830432e-01 1.000125e+00
1.221221e+00 9.677910e-01 9.366776e-01 8.774691e-01 1.000119e+00
1.223223e+00 9.677233e-01 9.365467e-01 8.772285e-01 1.000124e+00
1.225225e+00 9.694491e-01 9.398893e-01 8.834997e-01 1.000122e+00
1.227227e+00 9.677759e-01 9.366480e-01 8.774152e-01 1.000120e+00
1.229229e+00 9.692733e-01 9.395508e-01 8.828646e-01 1.000123e+00
1.231231e+00 9.676180e-01 9.363458e-01 8.768576e-01 1.000130e+00
1.233233e+00 9.692592e-01 9.395223e-01 8.828098e-01 1.000122e+00
1.235235e+00 9.692803e-01 9.395635e-01 8.828878e-01 1.000123e+00
1.237237e+00 9.695797e-01 9.401433e-01 8.839778e-01 1.000123e+00
1.239239e+00 9.678949e-01 9.368779e-01 8.778507e-01 1.000126e+00
1.241241e+00 9.679814e-01 9.370448e-01 8.781603e-01 1.000122e+00
1.243243e+00 9.691645e-01 9.393403e-01 8.824723e-01 1.000127e+00
1.245245e+00 9.691083e-01 9.392272e-01 8.822553e-01 1.000122e+00
1.247247e+00 9.690874e-01 9.391877e-01 8.821774e-01 1.000118e+00
1.249249e+00 9.678266e-01 9.367455e-01 8.776002e-01 1.000123e+00
1.251251e+00 9.681834e-01 9.374337e-01 8.788849e-01 1.000117e+00
1.253253e+00 9.693312e-01 9.396580e-01 8.830591e-01 1.000115e+00
1.255255e+00 9.678713e-01 9.368322e-01 8.777603e-01 1.000121e+00
1.257257e+00 9.676357e-01 9.363746e-01 8.768996e-01 1.000117e+00
1.259259e+00 9.689960e-01 9.390087e-01 8.818423e-01 1.000119e+00
1.261261e+00 9.693814e-01 9.397574e-01 8.832543e-01 1.000125e+00
1.263263e+00 9.674144e-01 9.359458e-01 8.760986e-01 1.000119e+00
1.265265e+00 9.689267e-01 9.388749e-01 8.815924e-01 1.000121e+00
1.267267e+00 9.689518e-01 9.389253e-01 8.816861e-01 1.000119e+00
1.269269e+00 9.693484e-01 9.396921e-01 8.831216e-01 1.000114e+00
1.271271e+00 9.695399e-01 9.400655e-01 8.838308e-01 1.000122e+00
1.273273e+00 9.692109e-01 9.394252e-01 8.826262e-01 1.000121e+00
1.275275e+00 9.674876e-01 9.360884e-01 8.763623e-01 1.000115e+00
1.277277e+00 9.693474e-01 9.396920e-01 8.831282e-01 1.000121e+00
1.279279e+00 9.691955e-01 9.393947e-01 8.825614e-01 1.000112e+00
1.281281e+00 9.693190e-01 9.396348e-01 8.830154e-01 1.000115e+00
1.283283e+00 9.691642e-01 9.393340e-01 8.824544e-01 1.000120e+00
1.285285e+00 9.691984e-01 9.394008e-01 8.825734e-01 1.000113e+00
1.287287e+00 9.676431e-01 9.363892e-01 8.769308e-01 1.000121e+00
1.289289e+00 9.695201e-01 9.400275e-01 8.837574e-01 1.000120e+00
1.291291e+00 9.690708e-01 9.391538e-01 8.821092e-01 1.000113e+00
1.293293e+00 9.691313e-01 9.392719e-01 8.823350e-01 1.000117e+00
1.295295e+00 9.693000e-01 9.395982e-01 8.829456e-01 1.000114e+00
1.297297e+00 9.688472e-01 9.387234e-01 8.813152e-01 1.000129e+00
1.299299e+00 9.694741e-01 9.399392e-01 8.835978e-01 1.000127e+00
1.301301e+00 9.691667e-01 9.393391e-01 8.824568e-01 1.000112e+00
1.303303e+00 9.693196e-01 9.396341e-01 8.830110e-01 1.000112e+00
1.305305e+00 9.691984e-01 9.394027e-01 8.825833e-01 1.000120e+00
1.307307e+00 9.680739e-01 9.372225e-01 8.784902e-01 1.000119e+00
1.309309e+00 9.691237e-01 9.392546e-01 8.822970e-01 1.000111e+00
1.311311e+00 9.693024e-01 9.396004e-01 8.829468e-01 1.000111e+00
1.313313e+00 9.692919e-01 9.395814e-01 8.829132e-01 1.000113e+00
1.315315e+00 9.690710e-01 9.391521e-01 8.821070e-01 1.000114e+00
1.317317e+00 9.690955e-01 9.392028e-01 8.822047e-01 1.000117e+00
1.319319e+00 9.690259e-01 9.390655e-01 8.819457e-01 1.000115e+00
1.321321e+00 9.697485e-01 9.404694e-01 8.845909e-01 1.000122e+00
1.323323e+00 9.682038e-01 9.374727e-01 8.789596e-01 1.000119e+00
1.325325e+00 9.696121e-01 9.402035e-01 8.840900e-01 1.000121e+00
1.327327e+00 9.694447e-01 9.398762e-01 8.834663e-01 1.000112e+00
1.329329e+00 9.693029e-01 9.396022e-01 8.829539e-01 1.000115e+00
1.331331e+00 9.677664e-01 9.366256e-01 8.773665e-01 1.000113e+00
1.333333e+00 9.689925e-01 9.390016e-01 8.818262e-01 1.000116e+00
1.335335e+00 9.692015e-01 9.394068e-01 8.825870e-01 1.000116e+00
1.337337e+00 9.693180e-01 9.396330e-01 8.830103e-01 1.000113e+00
1.339339e+00 9.676142e-01 9.363308e-01 8.768145e-01 1.000113e+00
1.341341e+00 9.677739e-01 9.366403e-01 8.773971e-01 1.000116e+00
1.343343e+00 9.674488e-01 9.360098e-01 8.762096e-01 1.000109e+00
1.345345e+00 9.694475e-01 9.398838e-01 8.834874e-01 1.000120e+00
1.347347e+00 9.678228e-01 9.367334e-01 8.775651e-01 1.000109e+00
1.349349e+00 9.676176e-01 9.363364e-01 8.768237e-01 1.000112e+00
1.351351e+00 9.692049e-01 9.394107e-01 8.825931e-01 1.000114e+00
1.353353e+00 9.677975e-01 9.366849e-01 8.774811e-01 1.000117e+00
1.355355e+00 9.675707e-01 9.362476e-01 8.766625e-01 1.000117e+00
1.357357e+00 9.689242e-01 9.388699e-01 8.815848e-01 1.000123e+00
1.359359e+00 9.692992e-01 9.395957e-01 8.829441e-01 1.000118e+00
1.361361e+00 9.688810e-01 9.387847e-01 8.814177e-01 1.000114e+00
1.363363e+00 9.677739e-01 9.366434e-01 8.774042e-01 1.000118e+00
1.365365e+00 9.692058e-01 9.394144e-01 8.826023e-01 1.000117e+00
1.367367e+00 9.676954e-01 9.364886e-01 8.771123e-01 1.000116e+00
1.369369e+00 9.690612e-01 9.391329e-01 8.820715e-01 1.000114e+00
1.371371e+00 9.690599e-01 9.391316e-01 8.820633e-01 1.000108e+00
1.373373e+00 9.675260e-01 9.361570e-01 8.764826e-01 1.000106e+00
1.375375e+00 9.677320e-01 9.365581e-01 8.772394e-01 1.000112e+00
1.377377e+00 9.692254e-01 9.394524e-01 8.826717e-01 1.000114e+00
1.379379e+00 9.694776e-01 9.399404e-01 8.835837e-01 1.000108e+00
1.381381e+00 9.690480e-01 9.391087e-01 8.820255e-01 1.000114e+00
1.383383e+00 9.689915e-01 9.389971e-01 8.818114e-01 1.000109e+00
1.385385e+00 9.692236e-01 9.394468e-01 8.826562e-01 1.000109e+00
1.387387e+00 9.692238e-01 9.394486e-01 8.826629e-01 1.000113e+00
1.389389e+00 9.678578e-01 9.368009e-01 8.776914e-01 1.000109e+00
1.391391e+00 9.689989e-01 9.390127e-01 8.818420e-01 1.000110e+00
1.393393e+00 9.691284e-01 9.392645e-01 8.823194e-01 1.000115e+00
1.395395e+00 9.690820e-01 9.391739e-01 8.821451e-01 1.000111e+00
1.397397e+00 9.692475e-01 9.394926e-01 8.827381e-01 1.000104e+00
1.399399e+00 9.692104e-01 9.394220e-01 8.826161e-01 1.000116e+00
1.401401e+00 9.675865e-01 9.362778e-01 8.767170e-01 1.000115e+00
1.403403e+00 9.677588e-01 9.366127e-01 8.773490e-01 1.000121e+00
1.405405e+00 9.689692e-01 9.389561e-01 8.817404e-01 1.000116e+00
1.407407e+00 9.679486e-01 9.369788e-01 8.780310e-01 1.000116e+00
1.409409e+00 9.693281e-01 9.396511e-01 8.830468e-01 1.000116e+00
1.411411e+00 9.678370e-01 9.367587e-01 8.776138e-01 1.000110e+00
1.413413e+00 9.692184e-01 9.394368e-01 8.826446e-01 1.000117e+00
1.415415e+00 9.690621e-01 9.391318e-01 8.820619e-01 1.000106e+00
1.417417e+00 9.690000e-01 9.390153e-01 8.818470e-01 1.000110e+00
1.419419e+00 9.674094e-01 9.359367e-01 8.760837e-01 1.000121e+00
1.421421e+00 9.680983e-01 9.372669e-01 8.785673e-01 1.000112e+00
1.423423e+00 9.688727e-01 9.387665e-01 8.813845e-01 1.000116e+00
1.425425e+00 9.695267e-01 9.400349e-01 8.837645e-01 1.000112e+00
1.427427e+00 9.690544e-01 9.391210e-01 8.820492e-01 1.000114e+00
1.429429e+00 9.693051e-01 9.396072e-01 8.829635e-01 1.000115e+00
1.431431e+00 9.679294e-01 9.369376e-01 8.779496e-01 1.000111e+00
1.433433e+00 9.676694e-01 9.364371e-01 8.770164e-01 1.000116e+00
1.435435e+00 9.680003e-01 9.370767e-01 8.782081e-01 1.000109e+00
1.437437e+00 9.691628e-01 9.393300e-01 8.824374e-01 1.000109e+00
1.439439e+00 9.677854e-01 9.366609e-01 8.774345e-01 1.000115e+00
1.441441e+00 9.692600e-01 9.395183e-01 8.827996e-01 1.000119e+00
1.443443e+00 9.691671e-01 9.393413e-01 8.824695e-01 1.000122e+00
1.445445e+00 9.690764e-01 9.391613e-01 8.821189e-01 1.000108e+00
1.447447e+00 9.678918e-01 9.368649e-01 8.778126e-01 1.000110e+00
1.449449e+00 9.691538e-01 9.393101e-01 8.823979e-01 1.000107e+00
1.451451e+00 9.691667e-01 9.393385e-01 8.824595e-01 1.000116e+00
1.453453e+00 9.693068e-01 9.396077e-01 8.829600e-01 1.000110e+00
1.455455e+00 9.677059e-01 9.365060e-01 8.771404e-01 1.000111e+00
1.457457e+00 9.693977e-01 9.397854e-01 8.832956e-01 1.000112e+00
1.459459e+00 9.690900e-01 9.391869e-01 8.821719e-01 1.000113e+00
1.461461e+00 9.679249e-01 9.369320e-01 8.779361e-01 1.000108e+00
1.463463e+00 9.693345e-01 9.396606e-01 8.830514e-01 1.000101e+00
1.465465e+00 9.694561e-01 9.398987e-01 8.835118e-01 1.000116e+00
1.467467e+00 9.691766e-01 9.393563e-01 8.824908e-01 1.000114e+00
1.469469e+00 9.689178e-01 9.388542e-01 8.815381e-01 1.000103e+00
1.471471e+00 9.693710e-01 9.397315e-01 8.831892e-01 1.000106e+00
1.473473e+00 9.681575e-01 9.373802e-01 8.787820e-01 1.000114e+00
1.475475e+00 9.693503e-01 9.396928e-01 8.831189e-01 1.000109e+00
1.477477e+00 9.691970e-01 9.393947e-01 8.825581e-01 1.000108e+00
1.479479e+00 9.677538e-01 9.365975e-01 8.773063e-01 1.000104e+00
1.481481e+00 9.693934e-01 9.397766e-01 8.832765e-01 1.000109e+00
1.483483e+00 9.680329e-01 9.371394e-01 8.783304e-01 1.000114e+00
1.485485e+00 9.691441e-01 9.392920e-01 8.823711e-01 1.000115e+00
1.487487e+00 9.687896e-01 9.386061e-01 8.810798e-01 1.000112e+00
1.489489e+00 9.676727e-01 9.364410e-01 8.770134e-01 1.000104e+00
1.491491e+00 9.679488e-01 9.369778e-01 8.780325e-01 1.000120e+00
1.493493e+00 9.678350e-01 9.367536e-01 8.775996e-01 1.000105e+00
1.495495e+00 9.692674e-01 9.395355e-01 8.828293e-01 1.000116e+00
1.497497e+00 9.692377e-01 9.394731e-01 8.827045e-01 1.000107e+00
1.499499e+00 9.692597e-01 9.395179e-01 8.827939e-01 1.000113e+00
1.501502e+00 9.691261e-01 9.392566e-01 8.822992e-01 1.000109e+00
1.503504e+00 9.676904e-01 9.364790e-01 8.770941e-01 1.000115e+00
1.505506e+00 9.693276e-01 9.396475e-01 8.830310e-01 1.000106e+00
1.507508e+00 9.677731e-01 9.366354e-01 8.773822e-01 1.000110e+00
1.509510e+00 9.692421e-01 9.394813e-01 8.827209e-01 1.000109e+00
1.511512e+00 9.690832e-01 9.391727e-01 8.821372e-01 1.000104e+00
1.513514e+00 9.692731e-01 9.395409e-01 8.828340e-01 1.000110e+00
1.515516e+00 9.692526e-01 9.395024e-01 8.827553e-01 1.000103e+00
1.517518e+00 9.688631e-01 9.387465e-01 8.813368e-01 1.000104e+00
1.519520e+00 9.689876e-01 9.389910e-01 8.818028e-01 1.000112e+00
1.521522e+00 9.691337e-01 9.392712e-01 8.823173e-01 1.000098e+00
1.523524e+00 9.693416e-01 9.396727e-01 8.830772e-01 1.000105e+00
1.525526e+00 9.692102e-01 9.394179e-01 8.825967e-01 1.000103e+00
1.527528e+00 9.692692e-01 9.395324e-01 8.828135e-01 1.000105e+00
1.529530e+00 9.689654e-01 9.389437e-01 8.817053e-01 1.000102e+00
1.531532e+00 9.690269e-01 9.390624e-01 8.819236e-01 1.000097e+00
1.533534e+00 9.693208e-01 9.396304e-01 8.829952e-01 1.000102e+00
1.535536e+00 9.680742e-01 9.372175e-01 8.784731e-01 1.000110e+00
1.537538e+00 9.691333e-01 9.392700e-01 8.823245e-01 1.000109e+00
1.539540e+00 9.675542e-01 9.362096e-01 8.765790e-01 1.000103e+00
1.541542e+00 9.678585e-01 9.367969e-01 8.776769e-01 1.000101e+00
1.543544e+00 9.690873e-01 9.391818e-01 8.821592e-01 1.000110e+00
1.545546e+00 9.689540e-01 9.389229e-01 8.816706e-01 1.000107e+00
1.547548e+00 9.692406e-01 9.394773e-01 8.827110e-01 1.000106e+00
1.549550e+00 9.674827e-01 9.360719e-01 8.763214e-01 1.000104e+00
1.551552e+00 9.692474e-01 9.394946e-01 8.827493e-01 1.000112e+00
1.553554e+00 9.690836e-01 9.391714e-01 8.821278e-01 1.000096e+00
1.555556e+00 9.674582e-01 9.360261e-01 8.762440e-01 1.000113e+00
1.557558e+00 9.677904e-01 9.366650e-01 8.774266e-01 1.000097e+00
1.559560e+00 9.688753e-01 9.387678e-01 8.813747e-01 1.000102e+00
1.561562e+00 9.688951e-01 9.388101e-01 8.814584e-01 1.000107e+00
1.563564e+00 9.676954e-01 9.364835e-01 8.770907e-01 1.000102e+00
1.565566e+00 9.677523e-01 9.365962e-01 8.773103e-01 1.000111e+00
1.567568e+00 9.679385e-01 9.369526e-01 8.779704e-01 1.000103e+00
1.569570e+00 9.693859e-01 9.397588e-01 8.832360e-01 1.000101e+00
1.571572e+00 9.695006e-01 9.399843e-01 8.836688e-01 1.000111e+00
1.573574e+00 9.678269e-01 9.367376e-01 8.775651e-01 1.000100e+00
1.575576e+00 9.694094e-01 9.398037e-01 8.833204e-01 1.000101e+00
1.577578e+00 9.688768e-01 9.387781e-01 8.814046e-01 1.000114e+00
1.579580e+00 9.679426e-01 9.369629e-01 8.779921e-01 1.000105e+00
1.581582e+00 9.676765e-01 9.364480e-01 8.770310e-01 1.000110e+00
1.583584e+00 9.692006e-01 9.394017e-01 8.825749e-01 1.000113e+00
1.585586e+00 9.692636e-01 9.395242e-01 8.828017e-01 1.000109e+00
1.587588e+00 9.693439e-01 9.396789e-01 8.830930e-01 1.000109e+00
1.589590e+00 9.678448e-01 9.367745e-01 8.776383e-01 1.000105e+00
1.591592e+00 9.683271e-01 9.377077e-01 8.793909e-01 1.000108e+00
1.593594e+00 9.678533e-01 9.367879e-01 8.776626e-01 1.000104e+00
1.595596e+00 9.688541e-01 9.387286e-01 8.812994e-01 1.000100e+00
1.597598e+00 9.691751e-01 9.393468e-01 8.824607e-01 1.000100e+00
1.599600e+00 9.695135e-01 9.400064e-01 8.837056e-01 1.000106e+00
1.601602e+00 9.692468e-01 9.394878e-01 8.827264e-01 1.000101e+00
1.603604e+00 9.699377e-01 9.408283e-01 8.852487e-01 1.000103e+00
1.605606e+00 9.690068e-01 9.390264e-01 8.818640e-01 1.000106e+00
1.607608e+00 9.675358e-01 9.361715e-01 8.765006e-01 1.000095e+00
1.609610e+00 9.696647e-01 9.403006e-01 8.842599e-01 1.000107e+00
1.611612e+00 9.695436e-01 9.400657e-01 8.838201e-01 1.000109e+00
1.613614e+00 9.677822e-01 9.366532e-01 8.774112e-01 1.000105e+00
1.615616e+00 9.683055e-01 9.376628e-01 8.793035e-01 1.000105e+00
1.617618e+00 9.679470e-01 9.369673e-01 8.779940e-01 1.000098e+00
1.619620e+00 9.680068e-01 9.370853e-01 8.782199e-01 1.000104e+00
1.621622e+00 9.693750e-01 9.397360e-01 8.831969e-01 1.000106e+00
1.623624e+00 9.676221e-01 9.363407e-01 8.768227e-01 1.000101e+00
1.625626e+00 9.675660e-01 9.362337e-01 8.766263e-01 1.000106e+00
1.627628e+00 9.694480e-01 9.398794e-01 8.834706e-01 1.000110e+00
1.629630e+00 9.692661e-01 9.395255e-01 8.827973e-01 1.000101e+00
1.631632e+00 9.692966e-01 9.395836e-01 8.829058e-01 1.000100e+00
1.633634e+00 9.692655e-01 9.395233e-01 8.827967e-01 1.000105e+00
1.635636e+00 9.693958e-01 9.397758e-01 8.832706e-01 1.000104e+00
1.637638e+00 9.690613e-01 9.391292e-01 8.820541e-01 1.000103e+00
1.639640e+00 9.693575e-01 9.397040e-01 8.831347e-01 1.000103e+00
1.641642e+00 9.696833e-01 9.403324e-01 8.843100e-01 1.000096e+00
1.643644e+00 9.690971e-01 9.391985e-01 8.821845e-01 1.000103e+00
1.645646e+00 9.678486e-01 9.367780e-01 8.776454e-01 1.000105e+00
1.647648e+00 9.695356e-01 9.400493e-01 8.837862e-01 1.000106e+00
1.649650e+00 9.689355e-01 9.388844e-01 8.815933e-01 1.000102e+00
1.651652e+00 9.692947e-01 9.395795e-01 8.828985e-01 1.000101e+00
1.653654e+00 9.695894e-01 9.401529e-01 8.839799e-01 1.000105e+00
1.655656e+00 9.692639e-01 9.395213e-01 8.827914e-01 1.000103e+00
1.657658e+00 9.691146e-01 9.392332e-01 8.822522e-01 1.000106e+00
1.659660e+00 9.689554e-01 9.389217e-01 8.816608e-01 1.000099e+00
1.661662e+00 9.691964e-01 9.393927e-01 8.825512e-01 1.000105e+00
1.663664e+00 9.676962e-01 9.364862e-01 8.771043e-01 1.000112e+00
1.665666e+00 9.691971e-01 9.393904e-01 8.825458e-01 1.000104e+00
1.667668e+00 9.690036e-01 9.390191e-01 8.818496e-01 1.000105e+00
1.669670e+00 9.690861e-01 9.391790e-01 8.821497e-01 1.000105e+00
1.671672e+00 9.678555e-01 9.367937e-01 8.776748e-01 1.000105e+00
1.673674e+00 9.691839e-01 9.393658e-01 8.824952e-01 1.000099e+00
1.675676e+00 9.691744e-01 9.393524e-01 8.824795e-01 1.000109e+00
1.677678e+00 9.693930e-01 9.397696e-01 8.832528e-01 1.000097e+00
1.679680e+00 9.695405e-01 9.400562e-01 8.837945e-01 1.000100e+00
1.681682e+00 9.695119e-01 9.400023e-01 8.836945e-01 1.000102e+00
1.683684e+00 9.693257e-01 9.396423e-01 8.830138e-01 1.000098e+00
1.685686e+00 9.678940e-01 9.368663e-01 8.778072e-01 1.000101e+00
1.687688e+00 9.676727e-01 9.364378e-01 8.769998e-01 1.000096e+00
1.689690e+00 9.691690e-01 9.393398e-01 8.824514e-01 1.000105e+00
1.691692e+00 9.679001e-01 9.368776e-01 8.778292e-01 1.000102e+00
1.693694e+00 9.690414e-01 9.390899e-01 8.819813e-01 1.000104e+00
1.695696e+00 9.678625e-01 9.368048e-01 8.776951e-01 1.000105e+00
1.697698e+00 9.677786e-01 9.366444e-01 8.773954e-01 1.000106e+00
1.699700e+00 9.691416e-01 9.392849e-01 8.823523e-01 1.000109e+00
1.701702e+00 9.677780e-01 9.366409e-01 8.773871e-01 1.000104e+00
1.703704e+00 9.692415e-01 9.394764e-01 8.827014e-01 1.000097e+00
1.705706e+00 9.677850e-01 9.366559e-01 8.774154e-01 1.000104e+00
1.707708e+00 9.677890e-01 9.366641e-01 8.774339e-01 1.000107e+00
1.709710e+00 9.683425e-01 9.377357e-01 8.794434e-01 1.000108e+00
1.711712e+00 9.678433e-01 9.367708e-01 8.776320e-01 1.000105e+00
1.713714e+00 9.692198e-01 9.394350e-01 8.826268e-01 1.000101e+00
1.715716e+00 9.695597e-01 9.400974e-01 8.838782e-01 1.000108e+00
1.717718e+00 9.691980e-01 9.393925e-01 8.825510e-01 1.000105e+00
1.719720e+00 9.691059e-01 9.392139e-01 8.822105e-01 1.000100e+00
1.721722e+00 9.679841e-01 9.370410e-01 8.781368e-01 1.000104e+00
1.723724e+00 9.676412e-01 9.363777e-01 8.768917e-01 1.000101e+00
1.725726e+00 9.677285e-01 9.365472e-01 8.772088e-01 1.000101e+00
1.727728e+00 9.673344e-01 9.357835e-01 8.757783e-01 1.000100e+00
1.729730e+00 9.689869e-01 9.389842e-01 8.817780e-01 1.000098e+00
1.731732e+00 9.673504e-01 9.358159e-01 8.758449e-01 1.000107e+00
1.733734e+00 9.675219e-01 9.361463e-01 8.764615e-01 1.000105e+00
1.735736e+00 9.694366e-01 9.398542e-01 8.834113e-01 1.000097e+00
1.737738e+00 9.691744e-01 9.393467e-01 8.824550e-01 1.000094e+00
1.739740e+00 9.690839e-01 9.391704e-01 8.821285e-01 1.000099e+00
1.741742e+00 9.692134e-01 9.394239e-01 8.826118e-01 1.000107e+00
1.743744e+00 9.689982e-01 9.390080e-01 8.818244e-01 1.000100e+00
1.745746e+00 9.692434e-01 9.394818e-01 8.827208e-01 1.000107e+00
1.747748e+00 9.695122e-01 9.400011e-01 8.836900e-01 1.000099e+00
1.749750e+00 9.676675e-01 9.364252e-01 8.769755e-01 1.000095e+00
1.751752e+00 9.688057e-01 9.386364e-01 8.811307e-01 1.000105e+00
1.753754e+00 9.675750e-01 9.362458e-01 8.766377e-01 1.000093e+00
1.755756e+00 9.694615e-01 9.399019e-01 8.835004e-01 1.000096e+00
1.757758e+00 9.695582e-01 9.400917e-01 8.838599e-01 1.000099e+00
1.759760e+00 9.678947e-01 9.368677e-01 8.778123e-01 1.000104e+00
1.761762e+00 9.694041e-01 9.397916e-01 8.832964e-01 1.000100e+00
1.763764e+00 9.679059e-01 9.368891e-01 8.778508e-01 1.000102e+00
1.765766e+00 9.695625e-01 9.400978e-01 8.838723e-01 1.000100e+00
1.767768e+00 9.693635e-01 9.397155e-01 8.831633e-01 1.000111e+00
1.769770e+00 9.676580e-01 9.364113e-01 8.769564e-01 1.000103e+00
1.771772e+00 9.694769e-01 9.399354e-01 8.835740e-01 1.000108e+00
1.773774e+00 9.691374e-01 9.392759e-01 8.823289e-01 1.000102e+00
1.775776e+00 9.687487e-01 9.385197e-01 8.809045e-01 1.000097e+00
1.777778e+00 9.687244e-01 9.384757e-01 8.808261e-01 1.000102e+00
1.779780e+00 9.694546e-01 9.398902e-01 8.834836e-01 1.000102e+00
1.781782e+00 9.695112e-01 9.400009e-01 8.836900e-01 1.000100e+00
1.783784e+00 9.675503e-01 9.362003e-01 8.765529e-01 1.000093e+00
1.785786e+00 9.691917e-01 9.393782e-01 8.825157e-01 1.000096e+00
1.787788e+00 9.694557e-01 9.398908e-01 8.834760e-01 1.000092e+00
1.789790e+00 9.674317e-01 9.359701e-01 8.761230e-01 1.000095e+00
1.791792e+00 9.676853e-01 9.364609e-01 8.770482e-01 1.000102e+00
1.793794e+00 9.691226e-01 9.392468e-01 8.822724e-01 1.000100e+00
1.795796e+00 9.689685e-01 9.389475e-01 8.817099e-01 1.000099e+00
1.797798e+00 9.689274e-01 9.388683e-01 8.815619e-01 1.000100e+00
1.799800e+00 9.690902e-01 9.391830e-01 8.821510e-01 1.000098e+00
1.801802e+00 9.691322e-01 9.392632e-01 8.822975e-01 1.000093e+00
1.803804e+00 9.694921e-01 9.399617e-01 8.836162e-01 1.000100e+00
1.805806e+00 9.696300e-01 9.402293e-01 8.841158e-01 1.000096e+00
1.807808e+00 9.677958e-01 9.366794e-01 8.774706e-01 1.000117e+00
1.809810e+00 9.695080e-01 9.399911e-01 8.836691e-01 1.000097e+00
1.811812e+00 9.688576e-01 9.387319e-01 8.813048e-01 1.000099e+00
1.813814e+00 9.691804e-01 9.393566e-01 8.824742e-01 1.000095e+00
1.815816e+00 9.676464e-01 9.363868e-01 8.769093e-01 1.000101e+00
1.817818e+00 9.689326e-01 9.388759e-01 8.815722e-01 1.000096e+00
1.819820e+00 9.692392e-01 9.394743e-01 8.827061e-01 1.000107e+00
1.821822e+00 9.690216e-01 9.390508e-01 8.819027e-01 1.000098e+00
1.823824e+00 9.693136e-01 9.396155e-01 8.829665e-01 1.000101e+00
1.825826e+00 9.691905e-01 9.393794e-01 8.825171e-01 1.000095e+00
1.827828e+00 9.695465e-01 9.400680e-01 8.838122e-01 1.000095e+00
1.829830e+00 9.677078e-01 9.365028e-01 8.771222e-01 1.000097e+00
1.831832e+00 9.679671e-01 9.370091e-01 8.780761e-01 1.000102e+00
1.833834e+00 9.693502e-01 9.396880e-01 8.831016e-01 1.000100e+00
1.835836e+00 9.691933e-01 9.393823e-01 8.825251e-01 1.000098e+00
1.837838e+00 9.696829e-01 9.403293e-01 8.843015e-01 1.000093e+00
1.839840e+00 9.677756e-01 9.366345e-01 8.773648e-01 1.000092e+00
1.841842e+00 9.676105e-01 9.363166e-01 8.767749e-01 1.000098e+00
1.843844e+00 9.691198e-01 9.392383e-01 8.822524e-01 1.000095e+00
1.845846e+00 9.692479e-01 9.394884e-01 8.827239e-01 1.000097e+00
1.847848e+00 9.678590e-01 9.367961e-01 8.776742e-01 1.000099e+00
1.849850e+00 9.692085e-01 9.394106e-01 8.825751e-01 1.000094e+00
1.851852e+00 9.689235e-01 9.388605e-01 8.815490e-01 1.000102e+00
1.853854e+00 9.675002e-01 9.361034e-01 8.763795e-01 1.000103e+00
1.855856e+00 9.674055e-01 9.359195e-01 8.760291e-01 1.000096e+00
1.857858e+00 9.678495e-01 9.367822e-01 8.776495e-01 1.000101e+00
1.859860e+00 9.694186e-01 9.398178e-01 8.833395e-01 1.000093e+00
1.861862e+00 9.692737e-01 9.395377e-01 8.828154e-01 1.000096e+00
1.863864e+00 9.688636e-01 9.387443e-01 8.813289e-01 1.000100e+00
1.865866e+00 9.679923e-01 9.370550e-01 8.781568e-01 1.000096e+00
1.867868e+00 9.692050e-01 9.394050e-01 8.825689e-01 1.000099e+00
1.869870e+00 9.696087e-01 9.401871e-01 8.840395e-01 1.000099e+00
1.871872e+00 9.676205e-01 9.363364e-01 8.768128e-01 1.000099e+00
1.873874e+00 9.691397e-01 9.392772e-01 8.823339e-01 1.000105e+00
1.875876e+00 9.680792e-01 9.372220e-01 8.784684e-01 1.000095e+00
1.877878e+00 9.688910e-01 9.387981e-01 8.814250e-01 1.000094e+00
1.879880e+00 9.693719e-01 9.397274e-01 8.831730e-01 1.000097e+00
1.881882e+00 9.694611e-01 9.399027e-01 8.835095e-01 1.000105e+00
1.883884e+00 9.693389e-01 9.396660e-01 8.830602e-01 1.000100e+00
1.885886e+00 9.677179e-01 9.365257e-01 8.771665e-01 1.000098e+00
1.887888e+00 9.677034e-01 9.364951e-01 8.771069e-01 1.000096e+00
1.889890e+00 9.677912e-01 9.366672e-01 8.774306e-01 1.000097e+00
1.891892e+00 9.692696e-01 9.395312e-01 8.828097e-01 1.000103e+00
1.893894e+00 9.690821e-01 9.391661e-01 8.821153e-01 1.000093e+00
1.895896e+00 9.681799e-01 9.374168e-01 8.788357e-01 1.000097e+00
1.897898e+00 9.691073e-01 9.392172e-01 8.822200e-01 1.000103e+00
1.899900e+00 9.691456e-01 9.392908e-01 8.823558e-01 1.000100e+00
1.901902e+00 9.693052e-01 9.395960e-01 8.829201e-01 1.000090e+00
1.903904e+00 9.678856e-01 9.368463e-01 8.777642e-01 1.000095e+00
1.905906e+00 9.696398e-01 9.402471e-01 8.841472e-01 1.000093e+00
1.907908e+00 9.695458e-01 9.400646e-01 8.838054e-01 1.000095e+00
1.909910e+00 9.678622e-01 9.368040e-01 8.776917e-01 1.000103e+00
1.911912e+00 9.691280e-01 9.392544e-01 8.822815e-01 1.000094e+00
1.913914e+00 9.692072e-01 9.394082e-01 8.825703e-01 1.000094e+00
1.915916e+00 9.695569e-01 9.400864e-01 8.838483e-01 1.000097e+00
1.917918e+00 9.694070e-01 9.397935e-01 8.832904e-01 1.000089e+00
1.919920e+00 9.678193e-01 9.367210e-01 8.775359e-01 1.000102e+00
1.921922e+00 9.677208e-01 9.365291e-01 8.771717e-01 1.000097e+00
1.923924e+00 9.693603e-01 9.397057e-01 8.831322e-01 1.000097e+00
1.925926e+00 9.691974e-01 9.393915e-01 8.825425e-01 1.000098e+00
1.927928e+00 9.675575e-01 9.362115e-01 8.765789e-01 1.000099e+00
1.929930e+00 9.695932e-01 9.401559e-01 8.839771e-01 1.000095e+00
1.931932e+00 9.690458e-01 9.390940e-01 8.819834e-01 1.000097e+00
1.933934e+00 9.678159e-01 9.367126e-01 8.775168e-01 1.000098e+00
1.935936e+00 9.691466e-01 9.392901e-01 8.823484e-01 1.000093e+00
1.937938e+00 9.676488e-01 9.363895e-01 8.769085e-01 1.000095e+00
1.939940e+00 9.694075e-01 9.397967e-01 8.833030e-01 1.000096e+00
1.941942e+00 9.680465e-01 9.371608e-01 8.783610e-01 1.000103e+00
1.943944e+00 9.695720e-01 9.401126e-01 8.838915e-01 1.000090e+00
1.945946e+00 9.677560e-01 9.365950e-01 8.772869e-01 1.000088e+00
1.947948e+00 9.693484e-01 9.396835e-01 8.830917e-01 1.000098e+00
1.949950e+00 9.680603e-01 9.371849e-01 8.784007e-01 1.000097e+00
1.951952e+00 9.693769e-01 9.397350e-01 8.831821e-01 1.000091e+00
1.953954e+00 9.689800e-01 9.389678e-01 8.817475e-01 1.000099e+00
1.955956e+00 9.676514e-01 9.363949e-01 8.769190e-01 1.000095e+00
1.957958e+00 9.694086e-01 9.397973e-01 8.833012e-01 1.000093e+00
1.959960e+00 9.692024e-01 9.393996e-01 8.825555e-01 1.000095e+00
1.961962e+00 9.679693e-01 9.370114e-01 8.780800e-01 1.000102e+00
1.963964e+00 9.695236e-01 9.400195e-01 8.837178e-01 1.000092e+00
1.965966e+00 9.684076e-01 9.378580e-01 8.796635e-01 1.000098e+00
1.967968e+00 9.680674e-01 9.371963e-01 8.784159e-01 1.000090e+00
1.969970e+00 9.694110e-01 9.398013e-01 8.833112e-01 1.000096e+00
1.971972e+00 9.678350e-01 9.367472e-01 8.775740e-01 1.000090e+00
1.973974e+00 9.691602e-01 9.393163e-01 8.823951e-01 1.000091e+00
1.975976e+00 9.691513e-01 9.393016e-01 8.823776e-01 1.000102e+00
1.977978e+00 9.676671e-01 9.364246e-01 8.769795e-01 1.000101e+00
1.979980e+00 9.672755e-01 9.356668e-01 8.755566e-01 1.000096e+00
1.981982e+00 9.694305e-01 9.398430e-01 8.833881e-01 1.000094e+00
1.983984e+00 9.676787e-01 9.364453e-01 8.770158e-01 1.000098e+00
1.985986e+00 9.691772e-01 9.393509e-01 8.824667e-01 1.000098e+00
1.987988e+00 9.693665e-01 9.397167e-01 8.831502e-01 1.000094e+00
1.989990e+00 9.694582e-01 9.398928e-01 8.834803e-01 1.000093e+00
1.991992e+00 9.680342e-01 9.371359e-01 8.783124e-01 1.000101e+00
1.993994e+00 9.678525e-01 9.367855e-01 8.776574e-01 1.000103e+00
1.995996e+00 9.677551e-01 9.365937e-01 8.772909e-01 1.000095e+00
1.997998e+00 9.679253e-01 9.369266e-01 8.779214e-01 1.000102e+00
2.000000e+00 9.678152e-01 9.367101e-01 8.775084e-01 1.000094e+00