T/J Real part of <m> <|m|^2> <|m|^4>
0.000000e+00 8.593891e-01 7.583250e-01 6.042689e-01 1.050799e+00
2.002002e-03 8.593891e-01 7.583250e-01 6.042689e-01 1.050799e+00
4.004004e-03 8.593891e-01 7.583250e-01 6.042689e-01 1.050799e+00
6.006006e-03 8.593891e-01 7.583250e-01 6.042689e-01 1.050799e+00
8.008008e-03 8.593891e-01 7.583250e-01 6.042689e-01 1.050799e+00
1.001001e-02 8.593891e-01 7.583250e-01 6.042689e-01 1.050799e+00
1.201201e-02 8.593891e-01 7.583250e-01 6.042689e-01 1.050799e+00
1.401401e-02 8.593891e-01 7.583250e-01 6.042689e-01 1.050799e+00
1.601602e-02 8.593891e-01 7.583250e-01 6.042689e-01 1.050799e+00
1.801802e-02 8.593891e-01 7.583250e-01 6.042689e-01 1.050799e+00
2.002002e-02 8.593891e-01 7.583250e-01 6.042689e-01 1.050799e+00
2.202202e-02 8.593891e-01 7.583250e-01 6.042689e-01 1.050799e+00
2.402402e-02 8.593891e-01 7.583250e-01 6.042689e-01 1.050799e+00
2.602603e-02 8.593891e-01 7.583250e-01 6.042689e-01 1.050799e+00
2.802803e-02 8.593891e-01 7.583250e-01 6.042689e-01 1.050799e+00
3.003003e-02 8.593891e-01 7.583250e-01 6.042689e-01 1.050799e+00
3.203203e-02 8.593891e-01 7.583250e-01 6.042689e-01 1.050799e+00
3.403403e-02 8.593891e-01 7.583250e-01 6.042689e-01 1.050799e+00
3.603604e-02 8.593891e-01 7.583250e-01 6.042689e-01 1.050799e+00
3.803804e-02 8.593891e-01 7.583250e-01 6.042689e-01 1.050799e+00
4.004004e-02 8.593891e-01 7.583250e-01 6.042689e-01 1.050799e+00
4.204204e-02 8.593891e-01 7.583250e-01 6.042689e-01 1.050799e+00
4.404404e-02 8.593891e-01 7.583250e-01 6.042689e-01 1.050799e+00
4.604605e-02 8.593891e-01 7.583250e-01 6.042689e-01 1.050799e+00
4.804805e-02 8.593891e-01 7.583250e-01 6.042689e-01 1.050799e+00
5.005005e-02 8.593891e-01 7.583250e-01 6.042689e-01 1.050799e+00
5.205205e-02 8.593891e-01 7.583250e-01 6.042689e-01 1.050799e+00
5.405405e-02 8.593891e-01 7.583250e-01 6.042689e-01 1.050799e+00
5.605606e-02 8.593891e-01 7.583250e-01 6.042689e-01 1.050799e+00
5.805806e-02 8.593891e-01 7.583250e-01 6.042689e-01 1.050799e+00
6.006006e-02 8.593891e-01 7.583250e-01 6.042689e-01 1.050799e+00
6.206206e-02 8.593891e-01 7.583250e-01 6.042689e-01 1.050799e+00
6.406406e-02 8.593891e-01 7.583250e-01 6.042689e-01 1.050799e+00
6.606607e-02 8.593891e-01 7.583250e-01 6.042689e-01 1.050799e+00
6.806807e-02 8.593891e-01 7.583250e-01 6.042689e-01 1.050799e+00
7.007007e-02 8.593891e-01 7.583250e-01 6.042689e-01 1.050799e+00
7.207207e-02 8.593891e-01 7.583250e-01 6.042689e-01 1.050799e+00
7.407407e-02 8.593891e-01 7.583250e-01 6.042689e-01 1.050799e+00
7.607608e-02 8.593891e-01 7.583250e-01 6.042689e-01 1.050799e+00
7.807808e-02 8.593891e-01 7.583250e-01 6.042689e-01 1.050799e+00
8.008008e-02 8.593891e-01 7.583250e-01 6.042689e-01 1.050799e+00
8.208208e-02 8.593891e-01 7.583250e-01 6.042689e-01 1.050799e+00
8.408408e-02 8.593680e-01 7.582887e-01 6.042095e-01 1.050796e+00
8.608609e-02 8.828266e-01 7.993412e-01 6.697809e-01 1.048258e+00
8.808809e-02 8.593891e-01 7.583250e-01 6.042689e-01 1.050799e+00
9.009009e-02 8.593680e-01 7.582872e-01 6.042077e-01 1.050797e+00
9.209209e-02 8.828055e-01 7.993002e-01 6.697058e-01 1.048248e+00
9.409409e-02 8.828172e-01 7.993213e-01 6.697394e-01 1.048246e+00
9.609610e-02 8.828031e-01 7.992967e-01 6.696989e-01 1.048247e+00
9.809810e-02 8.828172e-01 7.993207e-01 6.697385e-01 1.048246e+00
1.001001e-01 8.828008e-01 7.992894e-01 6.696839e-01 1.048242e+00
1.021021e-01 8.828125e-01 7.993116e-01 6.697260e-01 1.048250e+00
1.041041e-01 8.593750e-01 7.582967e-01 6.042188e-01 1.050790e+00
1.061061e-01 8.593539e-01 7.582604e-01 6.041594e-01 1.050787e+00
1.081081e-01 8.828125e-01 7.993130e-01 6.697280e-01 1.048250e+00
1.101101e-01 8.593633e-01 7.582705e-01 6.041692e-01 1.050776e+00
1.121121e-01 8.593727e-01 7.582820e-01 6.041820e-01 1.050767e+00
1.141141e-01 8.593656e-01 7.582699e-01 6.041557e-01 1.050754e+00
1.161161e-01 8.828430e-01 7.993510e-01 6.697682e-01 1.048213e+00
1.181181e-01 8.593773e-01 7.582803e-01 6.041641e-01 1.050740e+00
1.201201e-01 8.593539e-01 7.582510e-01 6.041315e-01 1.050765e+00
1.221221e-01 8.828312e-01 7.993245e-01 6.697131e-01 1.048196e+00
1.241241e-01 8.828242e-01 7.993023e-01 6.696658e-01 1.048180e+00
1.261261e-01 8.593820e-01 7.582735e-01 6.041254e-01 1.050692e+00
1.281281e-01 8.593633e-01 7.582377e-01 6.040740e-01 1.050702e+00
1.301301e-01 8.827984e-01 7.992536e-01 6.695801e-01 1.048174e+00
1.321321e-01 8.594312e-01 7.583604e-01 6.042687e-01 1.050700e+00
1.341341e-01 8.828664e-01 7.993701e-01 6.697667e-01 1.048160e+00
1.361361e-01 8.828102e-01 7.992629e-01 6.695735e-01 1.048139e+00
1.381381e-01 8.827445e-01 7.991455e-01 6.693782e-01 1.048141e+00
1.401401e-01 8.594477e-01 7.583337e-01 6.041443e-01 1.050558e+00
1.421421e-01 8.828875e-01 7.993453e-01 6.696292e-01 1.048010e+00
1.441441e-01 8.828359e-01 7.992631e-01 6.695195e-01 1.048054e+00
1.461461e-01 8.593844e-01 7.582146e-01 6.039439e-01 1.050539e+00
1.481481e-01 8.827469e-01 7.990731e-01 6.691544e-01 1.047981e+00
1.501502e-01 8.593398e-01 7.581418e-01 6.038411e-01 1.050562e+00
1.521522e-01 8.594125e-01 7.582286e-01 6.039171e-01 1.050454e+00
1.541542e-01 8.594945e-01 7.583975e-01 6.042255e-01 1.050522e+00
1.561562e-01 8.594289e-01 7.582891e-01 6.040581e-01 1.050531e+00
1.581582e-01 8.828406e-01 7.992353e-01 6.694056e-01 1.047949e+00
1.601602e-01 8.828711e-01 7.992206e-01 6.692754e-01 1.047783e+00
1.621622e-01 8.593867e-01 7.580907e-01 6.035775e-01 1.050245e+00
1.641642e-01 8.827867e-01 7.990609e-01 6.689904e-01 1.047756e+00
1.661662e-01 8.828406e-01 7.990987e-01 6.689792e-01 1.047639e+00
1.681682e-01 8.829180e-01 7.992364e-01 6.692187e-01 1.047653e+00
1.701702e-01 8.592578e-01 7.578013e-01 6.030174e-01 1.050072e+00
1.721722e-01 8.827867e-01 7.989719e-01 6.687326e-01 1.047585e+00
1.741742e-01 8.830094e-01 7.993452e-01 6.693085e-01 1.047509e+00
1.761762e-01 8.829367e-01 7.991997e-01 6.690326e-01 1.047458e+00
1.781782e-01 8.594758e-01 7.581108e-01 6.034202e-01 1.049916e+00
1.801802e-01 8.593727e-01 7.579111e-01 6.030748e-01 1.049868e+00
1.821822e-01 8.827281e-01 7.987431e-01 6.681499e-01 1.047273e+00
1.841842e-01 8.827914e-01 7.988167e-01 6.682355e-01 1.047213e+00
1.861862e-01 8.828570e-01 7.989383e-01 6.684321e-01 1.047203e+00
1.881882e-01 8.827469e-01 7.986909e-01 6.679395e-01 1.047079e+00
1.901902e-01 8.592625e-01 7.575548e-01 6.022676e-01 1.049449e+00
1.921922e-01 8.828359e-01 7.988205e-01 6.680978e-01 1.046988e+00
1.941942e-01 8.828922e-01 7.989125e-01 6.682487e-01 1.046983e+00
1.961962e-01 8.828312e-01 7.988113e-01 6.681207e-01 1.047048e+00
1.981982e-01 8.830375e-01 7.991559e-01 6.686177e-01 1.046923e+00
2.002002e-01 8.826789e-01 7.984894e-01 6.674805e-01 1.046888e+00
2.022022e-01 8.595977e-01 7.580413e-01 6.029167e-01 1.049232e+00
2.042042e-01 8.594195e-01 7.576986e-01 6.023161e-01 1.049135e+00
2.062062e-01 8.826742e-01 7.984010e-01 6.672149e-01 1.046703e+00
2.082082e-01 8.826555e-01 7.982955e-01 6.669423e-01 1.046552e+00
2.102102e-01 8.828172e-01 7.985422e-01 6.672857e-01 1.046444e+00
2.122122e-01 8.592883e-01 7.573704e-01 6.016772e-01 1.048931e+00
2.142142e-01 8.826555e-01 7.982548e-01 6.668210e-01 1.046469e+00
2.162162e-01 8.595156e-01 7.576054e-01 6.018242e-01 1.048536e+00
2.182182e-01 8.595016e-01 7.575525e-01 6.016675e-01 1.048410e+00
2.202202e-01 8.829742e-01 7.986084e-01 6.670732e-01 1.045938e+00
2.222222e-01 8.827070e-01 7.980703e-01 6.661326e-01 1.045872e+00
2.242242e-01 8.826789e-01 7.979860e-01 6.659481e-01 1.045803e+00
2.262262e-01 8.825734e-01 7.977577e-01 6.654484e-01 1.045616e+00
2.282282e-01 8.828641e-01 7.982446e-01 6.662371e-01 1.045579e+00
2.302302e-01 8.828148e-01 7.981518e-01 6.660496e-01 1.045528e+00
2.322322e-01 8.825781e-01 7.976680e-01 6.651573e-01 1.045394e+00
2.342342e-01 8.828852e-01 7.982124e-01 6.660574e-01 1.045381e+00
2.362362e-01 8.826766e-01 7.976983e-01 6.650311e-01 1.045116e+00
2.382382e-01 8.828219e-01 7.979341e-01 6.653830e-01 1.045051e+00
2.402402e-01 8.595016e-01 7.570738e-01 6.002476e-01 1.047259e+00
2.422422e-01 8.594102e-01 7.568280e-01 5.997510e-01 1.047072e+00
2.442442e-01 8.829156e-01 7.979270e-01 6.650673e-01 1.044574e+00
2.462462e-01 8.593375e-01 7.566436e-01 5.993661e-01 1.046910e+00
2.482482e-01 8.593164e-01 7.565517e-01 5.991586e-01 1.046802e+00
2.502503e-01 8.596047e-01 7.569862e-01 5.997371e-01 1.046610e+00
2.522523e-01 8.825781e-01 7.971013e-01 6.633628e-01 1.044057e+00
2.542543e-01 8.830281e-01 7.979060e-01 6.647032e-01 1.044057e+00
2.562563e-01 8.590961e-01 7.560117e-01 5.981020e-01 1.046450e+00
2.582583e-01 8.827586e-01 7.972981e-01 6.635285e-01 1.043802e+00
2.602603e-01 8.591102e-01 7.559457e-01 5.978302e-01 1.046157e+00
2.622623e-01 8.827445e-01 7.972654e-01 6.634318e-01 1.043736e+00
2.642643e-01 8.825805e-01 7.969416e-01 6.628784e-01 1.043712e+00
2.662663e-01 8.830352e-01 7.975428e-01 6.635724e-01 1.043231e+00
2.682683e-01 8.822242e-01 7.960874e-01 6.611190e-01 1.043177e+00
2.702703e-01 8.594852e-01 7.562261e-01 5.977528e-01 1.045245e+00
2.722723e-01 8.820930e-01 7.956525e-01 6.601161e-01 1.042734e+00
2.742743e-01 8.592508e-01 7.557083e-01 5.968228e-01 1.045050e+00
2.762763e-01 8.594547e-01 7.559841e-01 5.971321e-01 1.044829e+00
2.782783e-01 8.829836e-01 7.970105e-01 6.620148e-01 1.042173e+00
2.802803e-01 8.598250e-01 7.564962e-01 5.977263e-01 1.044453e+00
2.822823e-01 8.593375e-01 7.555855e-01 5.962005e-01 1.044299e+00
2.842843e-01 8.829086e-01 7.968282e-01 6.616386e-01 1.042057e+00
2.862863e-01 8.829859e-01 7.969278e-01 6.617516e-01 1.041974e+00
2.882883e-01 8.593469e-01 7.554615e-01 5.958175e-01 1.043971e+00
2.902903e-01 8.829836e-01 7.966132e-01 6.608498e-01 1.041377e+00
2.922923e-01 8.592953e-01 7.551947e-01 5.950980e-01 1.043447e+00
2.942943e-01 8.823836e-01 7.954694e-01 6.587781e-01 1.041099e+00
2.962963e-01 8.825852e-01 7.957803e-01 6.592154e-01 1.040977e+00
2.982983e-01 8.831852e-01 7.966686e-01 6.604014e-01 1.040525e+00
3.003003e-01 8.592039e-01 7.546396e-01 5.937534e-01 1.042622e+00
3.023023e-01 8.596539e-01 7.553649e-01 5.947551e-01 1.042376e+00
3.043043e-01 8.828945e-01 7.959403e-01 6.589401e-01 1.040124e+00
3.063063e-01 8.594406e-01 7.548005e-01 5.936436e-01 1.041985e+00
3.083083e-01 8.830187e-01 7.960549e-01 6.589432e-01 1.039829e+00
3.103103e-01 8.595859e-01 7.549305e-01 5.936825e-01 1.041694e+00
3.123123e-01 8.827938e-01 7.954740e-01 6.577096e-01 1.039399e+00
3.143143e-01 8.827891e-01 7.953596e-01 6.573595e-01 1.039144e+00
3.163163e-01 8.822148e-01 7.943316e-01 6.556163e-01 1.039073e+00
3.183183e-01 8.830961e-01 7.958861e-01 6.582274e-01 1.039140e+00
3.203203e-01 8.596961e-01 7.549381e-01 5.934180e-01 1.041209e+00
3.223223e-01 8.594852e-01 7.545214e-01 5.927212e-01 1.041136e+00
3.243243e-01 8.825664e-01 7.946211e-01 6.555872e-01 1.038270e+00
3.263263e-01 8.831430e-01 7.955246e-01 6.569777e-01 1.038110e+00
3.283283e-01 8.829555e-01 7.952317e-01 6.565634e-01 1.038220e+00
3.303303e-01 8.826109e-01 7.945978e-01 6.554253e-01 1.038075e+00
3.323323e-01 8.826977e-01 7.945960e-01 6.551884e-01 1.037704e+00
3.343343e-01 8.826273e-01 7.945012e-01 6.550909e-01 1.037797e+00
3.363363e-01 8.826812e-01 7.942490e-01 6.541726e-01 1.037001e+00
3.383383e-01 8.828500e-01 7.946126e-01 6.548300e-01 1.037093e+00
3.403403e-01 8.827680e-01 7.942459e-01 6.539243e-01 1.036615e+00
3.423423e-01 8.827422e-01 7.940794e-01 6.535141e-01 1.036399e+00
3.443443e-01 8.594195e-01 7.531615e-01 5.888088e-01 1.038002e+00
3.463463e-01 8.825266e-01 7.935465e-01 6.523874e-01 1.036003e+00
3.483483e-01 8.596656e-01 7.535310e-01 5.892908e-01 1.037833e+00
3.503504e-01 8.592508e-01 7.528497e-01 5.882784e-01 1.037926e+00
3.523524e-01 8.825266e-01 7.935454e-01 6.523471e-01 1.035941e+00
3.543544e-01 8.832695e-01 7.947681e-01 6.541528e-01 1.035615e+00
3.563564e-01 8.589695e-01 7.521773e-01 5.869787e-01 1.037485e+00
3.583584e-01 8.829484e-01 7.940528e-01 6.528221e-01 1.035371e+00
3.603604e-01 8.825594e-01 7.932506e-01 6.514253e-01 1.035247e+00
3.623624e-01 8.830094e-01 7.939839e-01 6.524176e-01 1.034909e+00
3.643644e-01 8.828336e-01 7.935941e-01 6.516982e-01 1.034784e+00
3.663664e-01 8.826695e-01 7.932055e-01 6.508909e-01 1.034515e+00
3.683684e-01 8.834570e-01 7.944664e-01 6.527545e-01 1.034186e+00
3.703704e-01 8.592625e-01 7.521079e-01 5.860256e-01 1.035992e+00
3.723724e-01 8.593750e-01 7.521344e-01 5.858352e-01 1.035582e+00
3.743744e-01 8.826766e-01 7.931099e-01 6.505929e-01 1.034291e+00
3.763764e-01 8.601133e-01 7.534423e-01 5.879243e-01 1.035670e+00
3.783784e-01 8.828172e-01 7.931870e-01 6.504347e-01 1.033838e+00
3.803804e-01 8.830398e-01 7.933881e-01 6.504462e-01 1.033332e+00
3.823824e-01 8.595086e-01 7.520805e-01 5.853376e-01 1.034851e+00
3.843844e-01 8.826742e-01 7.926193e-01 6.491159e-01 1.033220e+00
3.863864e-01 8.833703e-01 7.937151e-01 6.505877e-01 1.032706e+00
3.883884e-01 8.599586e-01 7.526286e-01 5.859241e-01 1.034380e+00
3.903904e-01 8.829789e-01 7.928372e-01 6.489262e-01 1.032351e+00
3.923924e-01 8.830234e-01 7.929019e-01 6.490748e-01 1.032419e+00
3.943944e-01 8.821211e-01 7.911900e-01 6.460485e-01 1.032057e+00
3.963964e-01 8.597477e-01 7.519269e-01 5.843092e-01 1.033455e+00
3.983984e-01 8.590094e-01 7.505368e-01 5.820686e-01 1.033309e+00
4.004004e-01 8.826602e-01 7.918826e-01 6.467953e-01 1.031443e+00
4.024024e-01 8.826437e-01 7.917659e-01 6.464498e-01 1.031196e+00
4.044044e-01 8.833047e-01 7.928827e-01 6.481406e-01 1.030982e+00
4.064064e-01 8.828055e-01 7.918940e-01 6.463863e-01 1.030761e+00
4.084084e-01 8.831828e-01 7.925393e-01 6.474258e-01 1.030738e+00
4.104104e-01 8.825359e-01 7.913341e-01 6.453737e-01 1.030603e+00
4.124124e-01 8.828992e-01 7.918240e-01 6.458969e-01 1.030163e+00
4.144144e-01 8.601648e-01 7.519067e-01 5.832415e-01 1.031622e+00
4.164164e-01 8.598133e-01 7.513448e-01 5.824483e-01 1.031760e+00
4.184184e-01 8.821891e-01 7.903184e-01 6.431173e-01 1.029641e+00
4.204204e-01 8.829789e-01 7.916022e-01 6.450581e-01 1.029401e+00
4.224224e-01 8.599070e-01 7.512227e-01 5.818329e-01 1.031005e+00
4.244244e-01 8.830727e-01 7.917199e-01 6.452423e-01 1.029390e+00
4.264264e-01 8.825242e-01 7.907454e-01 6.435260e-01 1.029183e+00
4.284284e-01 8.824211e-01 7.903639e-01 6.427173e-01 1.028883e+00
4.304304e-01 8.599586e-01 7.509889e-01 5.809821e-01 1.030139e+00
4.324324e-01 8.828312e-01 7.908843e-01 6.432853e-01 1.028437e+00
4.344344e-01 8.591758e-01 7.495175e-01 5.785285e-01 1.029820e+00
4.364364e-01 8.817531e-01 7.889075e-01 6.398932e-01 1.028147e+00
4.384384e-01 8.831289e-01 7.913126e-01 6.435605e-01 1.027763e+00
4.404404e-01 8.835859e-01 7.920722e-01 6.447162e-01 1.027635e+00
4.424424e-01 8.591055e-01 7.491555e-01 5.776258e-01 1.029207e+00
4.444444e-01 8.592555e-01 7.491483e-01 5.773290e-01 1.028698e+00
4.464464e-01 8.590961e-01 7.490033e-01 5.772392e-01 1.028936e+00
4.484484e-01 8.832672e-01 7.911812e-01 6.428800e-01 1.027018e+00
4.504505e-01 8.826766e-01 7.902922e-01 6.417614e-01 1.027539e+00
4.524525e-01 8.825969e-01 7.900290e-01 6.410902e-01 1.027148e+00
4.544545e-01 8.825359e-01 7.899057e-01 6.407650e-01 1.026948e+00
4.564565e-01 8.836750e-01 7.918512e-01 6.439472e-01 1.026983e+00
4.584585e-01 8.822359e-01 7.892730e-01 6.397418e-01 1.026952e+00
4.604605e-01 8.829836e-01 7.904039e-01 6.412241e-01 1.026388e+00
4.624625e-01 8.833750e-01 7.912090e-01 6.427297e-01 1.026706e+00
4.644645e-01 8.822922e-01 7.890709e-01 6.389394e-01 1.026190e+00
4.664665e-01 8.598062e-01 7.496635e-01 5.773863e-01 1.027386e+00
4.684685e-01 8.599703e-01 7.498232e-01 5.774907e-01 1.027134e+00
4.704705e-01 8.831500e-01 7.903046e-01 6.404518e-01 1.025410e+00
4.724725e-01 8.829578e-01 7.899587e-01 6.398527e-01 1.025348e+00
4.744745e-01 8.822289e-01 7.885309e-01 6.373770e-01 1.025083e+00
4.764765e-01 8.606289e-01 7.506454e-01 5.783310e-01 1.026377e+00
4.784785e-01 8.597430e-01 7.491671e-01 5.760871e-01 1.026433e+00
4.804805e-01 8.823531e-01 7.886519e-01 6.373964e-01 1.024799e+00
4.824825e-01 8.825383e-01 7.889340e-01 6.378457e-01 1.024788e+00
4.844845e-01 8.824141e-01 7.887556e-01 6.376561e-01 1.024947e+00
4.864865e-01 8.593070e-01 7.483083e-01 5.746581e-01 1.026239e+00
4.884885e-01 8.832133e-01 7.900231e-01 6.395771e-01 1.024739e+00
4.904905e-01 8.837406e-01 7.908022e-01 6.404628e-01 1.024137e+00
4.924925e-01 8.595578e-01 7.482938e-01 5.738756e-01 1.024881e+00
4.944945e-01 8.818070e-01 7.872708e-01 6.346390e-01 1.023949e+00
4.964965e-01 8.829320e-01 7.892074e-01 6.377251e-01 1.023885e+00
4.984985e-01 8.592930e-01 7.477524e-01 5.730692e-01 1.024923e+00
5.005005e-01 8.826320e-01 7.885289e-01 6.363253e-01 1.023397e+00
5.025025e-01 8.823977e-01 7.880072e-01 6.353282e-01 1.023146e+00
5.045045e-01 8.597547e-01 7.484039e-01 5.738282e-01 1.024495e+00
5.065065e-01 8.580625e-01 7.454492e-01 5.692056e-01 1.024314e+00
5.085085e-01 8.828336e-01 7.887031e-01 6.363136e-01 1.022926e+00
5.105105e-01 8.827797e-01 7.887330e-01 6.365949e-01 1.023300e+00
5.125125e-01 8.825195e-01 7.881509e-01 6.353500e-01 1.022808e+00
5.145145e-01 8.593680e-01 7.476246e-01 5.725096e-01 1.024273e+00
5.165165e-01 8.588781e-01 7.467572e-01 5.710884e-01 1.024105e+00
5.185185e-01 8.833422e-01 7.895260e-01 6.375785e-01 1.022824e+00
5.205205e-01 8.588219e-01 7.466411e-01 5.709432e-01 1.024163e+00
5.225225e-01 8.828312e-01 7.886469e-01 6.359148e-01 1.022431e+00
5.245245e-01 8.598766e-01 7.483269e-01 5.733298e-01 1.023816e+00
5.265265e-01 8.585195e-01 7.459801e-01 5.696455e-01 1.023647e+00
5.285285e-01 8.835766e-01 7.896454e-01 6.372784e-01 1.022033e+00
5.305305e-01 8.823672e-01 7.874649e-01 6.336710e-01 1.021884e+00
5.325325e-01 8.824867e-01 7.876734e-01 6.339815e-01 1.021843e+00
5.345345e-01 8.833492e-01 7.890323e-01 6.360007e-01 1.021570e+00
5.365365e-01 8.827305e-01 7.878618e-01 6.339441e-01 1.021294e+00
5.385385e-01 8.596984e-01 7.475153e-01 5.711483e-01 1.022136e+00
5.405405e-01 8.826086e-01 7.876047e-01 6.334916e-01 1.021232e+00
5.425425e-01 8.824984e-01 7.875919e-01 6.339132e-01 1.021944e+00
5.445445e-01 8.838086e-01 7.898883e-01 6.374109e-01 1.021617e+00
5.465465e-01 8.595203e-01 7.473586e-01 5.712551e-01 1.022756e+00
5.485485e-01 8.597805e-01 7.476448e-01 5.714979e-01 1.022408e+00
5.505506e-01 8.593797e-01 7.469345e-01 5.704181e-01 1.022418e+00
5.525526e-01 8.821984e-01 7.868713e-01 6.321584e-01 1.020983e+00
5.545546e-01 8.598414e-01 7.476895e-01 5.714104e-01 1.022129e+00
5.565566e-01 8.826578e-01 7.875889e-01 6.332863e-01 1.020942e+00
5.585586e-01 8.598203e-01 7.474772e-01 5.707934e-01 1.021605e+00
5.605606e-01 8.585828e-01 7.453436e-01 5.676453e-01 1.021796e+00
5.625626e-01 8.827211e-01 7.875429e-01 6.329234e-01 1.020476e+00
5.645646e-01 8.598391e-01 7.474471e-01 5.706766e-01 1.021478e+00
5.665666e-01 8.824867e-01 7.870887e-01 6.321291e-01 1.020372e+00
5.685686e-01 8.828852e-01 7.876903e-01 6.330237e-01 1.020256e+00
5.705706e-01 8.828945e-01 7.877021e-01 6.330243e-01 1.020226e+00
5.725726e-01 8.833305e-01 7.883986e-01 6.340283e-01 1.020039e+00
5.745746e-01 8.820578e-01 7.861227e-01 6.302892e-01 1.019904e+00
5.765766e-01 8.819219e-01 7.858204e-01 6.297656e-01 1.019841e+00
5.785786e-01 8.817930e-01 7.854780e-01 6.289514e-01 1.019410e+00
5.805806e-01 8.826086e-01 7.868176e-01 6.310440e-01 1.019322e+00
5.825826e-01 8.828711e-01 7.872945e-01 6.317412e-01 1.019213e+00
5.845846e-01 8.580156e-01 7.438384e-01 5.645233e-01 1.020292e+00
5.865866e-01 8.830867e-01 7.875948e-01 6.322712e-01 1.019290e+00
5.885886e-01 8.835695e-01 7.885677e-01 6.338860e-01 1.019373e+00
5.905906e-01 8.827539e-01 7.870933e-01 6.315713e-01 1.019459e+00
5.925926e-01 8.827328e-01 7.870293e-01 6.312851e-01 1.019163e+00
5.945946e-01 8.827211e-01 7.869202e-01 6.310117e-01 1.019004e+00
5.965966e-01 8.588641e-01 7.450282e-01 5.659778e-01 1.019657e+00
5.985986e-01 8.594242e-01 7.460505e-01 5.675850e-01 1.019752e+00
6.006006e-01 8.825266e-01 7.863906e-01 6.299674e-01 1.018689e+00
6.026026e-01 8.833773e-01 7.878686e-01 6.324354e-01 1.018846e+00
6.046046e-01 8.813969e-01 7.842969e-01 6.264072e-01 1.018347e+00
6.066066e-01 8.832977e-01 7.877354e-01 6.320019e-01 1.018492e+00
6.086086e-01 8.596000e-01 7.461316e-01 5.673804e-01 1.019163e+00
6.106106e-01 8.831969e-01 7.874942e-01 6.314146e-01 1.018169e+00
6.126126e-01 8.819547e-01 7.851531e-01 6.275736e-01 1.018019e+00
6.146146e-01 8.590914e-01 7.451010e-01 5.654932e-01 1.018585e+00
6.166166e-01 8.822969e-01 7.857066e-01 6.284100e-01 1.017940e+00
6.186186e-01 8.820836e-01 7.853920e-01 6.279071e-01 1.017941e+00
6.206206e-01 8.600008e-01 7.466617e-01 5.680190e-01 1.018861e+00
6.226226e-01 8.598133e-01 7.464254e-01 5.677909e-01 1.019097e+00
6.246246e-01 8.590891e-01 7.450762e-01 5.655884e-01 1.018824e+00
6.266266e-01 8.827563e-01 7.864834e-01 6.295242e-01 1.017732e+00
6.286286e-01 8.598531e-01 7.465762e-01 5.680939e-01 1.019229e+00
6.306306e-01 8.822547e-01 7.856317e-01 6.282263e-01 1.017837e+00
6.326326e-01 8.605422e-01 7.475796e-01 5.694864e-01 1.018987e+00
6.346346e-01 8.599773e-01 7.466255e-01 5.679829e-01 1.018896e+00
6.366366e-01 8.827047e-01 7.863735e-01 6.293309e-01 1.017704e+00
6.386386e-01 8.594594e-01 7.457460e-01 5.666941e-01 1.018983e+00
6.406406e-01 8.586250e-01 7.443926e-01 5.646609e-01 1.019022e+00
6.426426e-01 8.582406e-01 7.436526e-01 5.634440e-01 1.018851e+00
6.446446e-01 8.811930e-01 7.837821e-01 6.252586e-01 1.017815e+00
6.466466e-01 8.822383e-01 7.854664e-01 6.277006e-01 1.017413e+00
6.486486e-01 8.821164e-01 7.852111e-01 6.272579e-01 1.017357e+00
6.506507e-01 8.591922e-01 7.450330e-01 5.652251e-01 1.018287e+00
6.526527e-01 8.838602e-01 7.882464e-01 6.321226e-01 1.017366e+00
6.546547e-01 8.604742e-01 7.471062e-01 5.681327e-01 1.017853e+00
6.566567e-01 8.829039e-01 7.864295e-01 6.290909e-01 1.017171e+00
6.586587e-01 8.828781e-01 7.865141e-01 6.292362e-01 1.017187e+00
6.606607e-01 8.824844e-01 7.857069e-01 6.278236e-01 1.016989e+00
6.626627e-01 8.842961e-01 7.888530e-01 6.328390e-01 1.016954e+00
6.646647e-01 8.836094e-01 7.876590e-01 6.308751e-01 1.016873e+00
6.666667e-01 8.833211e-01 7.871157e-01 6.300160e-01 1.016891e+00
6.686687e-01 8.610297e-01 7.480371e-01 5.695168e-01 1.017795e+00
6.706707e-01 8.594922e-01 7.453198e-01 5.652385e-01 1.017528e+00
6.726727e-01 8.834359e-01 7.872253e-01 6.299201e-01 1.016453e+00
6.746747e-01 8.826555e-01 7.857711e-01 6.276059e-01 1.016471e+00
6.766767e-01 8.820977e-01 7.848180e-01 6.261692e-01 1.016609e+00
6.786787e-01 8.818984e-01 7.844831e-01 6.255567e-01 1.016482e+00
6.806807e-01 8.593211e-01 7.448842e-01 5.643447e-01 1.017108e+00
6.826827e-01 8.837383e-01 7.877300e-01 6.308753e-01 1.016690e+00
6.846847e-01 8.599797e-01 7.461316e-01 5.664920e-01 1.017567e+00
6.866867e-01 8.832906e-01 7.868581e-01 6.292953e-01 1.016393e+00
6.886887e-01 8.835906e-01 7.873604e-01 6.300183e-01 1.016263e+00
6.906907e-01 8.832719e-01 7.868812e-01 6.292499e-01 1.016260e+00
6.926927e-01 8.588172e-01 7.440718e-01 5.632769e-01 1.017401e+00
6.946947e-01 8.594102e-01 7.451231e-01 5.648737e-01 1.017408e+00
6.966967e-01 8.578984e-01 7.423948e-01 5.605351e-01 1.017028e+00
6.986987e-01 8.818891e-01 7.841855e-01 6.245269e-01 1.015579e+00
7.007007e-01 8.834500e-01 7.868961e-01 6.289980e-01 1.015815e+00
7.027027e-01 8.577813e-01 7.420989e-01 5.599498e-01 1.016777e+00
7.047047e-01 8.824797e-01 7.853683e-01 6.268531e-01 1.016293e+00
7.067067e-01 8.595625e-01 7.450891e-01 5.644896e-01 1.016809e+00
7.087087e-01 8.832086e-01 7.865355e-01 6.286914e-01 1.016251e+00
7.107107e-01 8.815305e-01 7.833900e-01 6.231146e-01 1.015341e+00
7.127127e-01 8.592062e-01 7.444108e-01 5.631792e-01 1.016299e+00
7.147147e-01 8.829039e-01 7.857669e-01 6.270089e-01 1.015515e+00
7.167167e-01 8.830586e-01 7.860651e-01 6.274253e-01 1.015418e+00
7.187187e-01 8.817086e-01 7.837238e-01 6.236732e-01 1.015386e+00
7.207207e-01 8.833469e-01 7.865910e-01 6.282298e-01 1.015361e+00
7.227227e-01 8.823109e-01 7.847094e-01 6.252292e-01 1.015363e+00
7.247247e-01 8.598367e-01 7.453564e-01 5.644771e-01 1.016058e+00
7.267267e-01 8.583672e-01 7.427564e-01 5.605018e-01 1.015978e+00
7.287287e-01 8.598180e-01 7.452526e-01 5.642779e-01 1.015982e+00
7.307307e-01 8.831359e-01 7.860812e-01 6.272606e-01 1.015110e+00
7.327327e-01 8.819500e-01 7.840727e-01 6.240595e-01 1.015111e+00
7.347347e-01 8.585617e-01 7.432599e-01 5.614505e-01 1.016319e+00
7.367367e-01 8.586461e-01 7.433134e-01 5.614790e-01 1.016224e+00
7.387387e-01 8.598109e-01 7.452774e-01 5.643970e-01 1.016129e+00
7.407407e-01 8.586438e-01 7.432289e-01 5.611515e-01 1.015862e+00
7.427427e-01 8.846969e-01 7.889181e-01 6.320739e-01 1.015556e+00
7.447447e-01 8.597219e-01 7.449970e-01 5.636937e-01 1.015627e+00
7.467467e-01 8.842516e-01 7.880419e-01 6.303523e-01 1.015044e+00
7.487487e-01 8.604930e-01 7.463857e-01 5.660367e-01 1.016057e+00
7.507508e-01 8.823016e-01 7.844806e-01 6.243798e-01 1.014576e+00
7.527528e-01 8.830328e-01 7.857475e-01 6.265680e-01 1.014851e+00
7.547548e-01 8.600078e-01 7.453583e-01 5.640708e-01 1.015321e+00
7.567568e-01 8.826883e-01 7.850069e-01 6.251539e-01 1.014472e+00
7.587588e-01 8.819172e-01 7.836559e-01 6.229226e-01 1.014339e+00
7.607608e-01 8.829156e-01 7.854710e-01 6.258969e-01 1.014478e+00
7.627628e-01 8.823250e-01 7.843076e-01 6.239868e-01 1.014384e+00
7.647648e-01 8.837758e-01 7.870073e-01 6.284806e-01 1.014692e+00
7.667668e-01 8.595484e-01 7.445003e-01 5.626864e-01 1.015165e+00
7.687688e-01 8.831430e-01 7.857762e-01 6.264596e-01 1.014601e+00
7.707708e-01 8.836586e-01 7.866506e-01 6.275790e-01 1.014156e+00
7.727728e-01 8.830141e-01 7.854268e-01 6.255900e-01 1.014095e+00
7.747748e-01 8.822031e-01 7.841121e-01 6.237322e-01 1.014476e+00
7.767768e-01 8.607602e-01 7.466102e-01 5.659012e-01 1.015203e+00
7.787788e-01 8.591992e-01 7.439381e-01 5.618961e-01 1.015272e+00
7.807808e-01 8.821164e-01 7.839563e-01 6.233361e-01 1.014235e+00
7.827828e-01 8.820273e-01 7.837750e-01 6.229920e-01 1.014144e+00
7.847848e-01 8.828031e-01 7.851518e-01 6.253002e-01 1.014335e+00
7.867868e-01 8.833000e-01 7.860602e-01 6.267315e-01 1.014308e+00
7.887888e-01 8.601977e-01 7.455485e-01 5.642429e-01 1.015113e+00
7.907908e-01 8.838039e-01 7.869436e-01 6.282520e-01 1.014487e+00
7.927928e-01 8.837055e-01 7.866158e-01 6.272471e-01 1.013709e+00
7.947948e-01 8.839117e-01 7.869815e-01 6.279509e-01 1.013904e+00
7.967968e-01 8.833516e-01 7.860744e-01 6.266133e-01 1.014080e+00
7.987988e-01 8.583063e-01 7.420828e-01 5.586037e-01 1.014376e+00
8.008008e-01 8.818375e-01 7.831667e-01 6.216367e-01 1.013511e+00
8.028028e-01 8.828711e-01 7.850166e-01 6.245891e-01 1.013530e+00
8.048048e-01 8.835203e-01 7.860545e-01 6.260082e-01 1.013152e+00
8.068068e-01 8.841156e-01 7.871915e-01 6.279456e-01 1.013354e+00
8.088088e-01 8.596656e-01 7.443183e-01 5.619528e-01 1.014337e+00
8.108108e-01 8.820461e-01 7.835406e-01 6.222366e-01 1.013521e+00
8.128128e-01 8.839047e-01 7.867236e-01 6.273642e-01 1.013621e+00
8.148148e-01 8.592133e-01 7.436057e-01 5.608166e-01 1.014228e+00
8.168168e-01 8.830750e-01 7.853398e-01 6.251219e-01 1.013560e+00
8.188188e-01 8.820414e-01 7.834308e-01 6.219069e-01 1.013267e+00
8.208208e-01 8.598602e-01 7.447672e-01 5.628146e-01 1.014669e+00
8.228228e-01 8.592766e-01 7.436922e-01 5.610124e-01 1.014346e+00
8.248248e-01 8.829461e-01 7.850828e-01 6.246290e-01 1.013424e+00
8.268268e-01 8.812867e-01 7.821251e-01 6.198856e-01 1.013349e+00
8.288288e-01 8.831313e-01 7.852899e-01 6.248081e-01 1.013180e+00
8.308308e-01 8.575469e-01 7.406493e-01 5.562355e-01 1.013989e+00
8.328328e-01 8.597687e-01 7.444661e-01 5.619699e-01 1.013965e+00
8.348348e-01 8.590820e-01 7.432135e-01 5.601068e-01 1.014013e+00
8.368368e-01 8.589461e-01 7.429742e-01 5.597906e-01 1.014094e+00
8.388388e-01 8.829695e-01 7.850542e-01 6.243890e-01 1.013108e+00
8.408408e-01 8.822242e-01 7.837040e-01 6.222831e-01 1.013173e+00
8.428428e-01 8.587914e-01 7.426562e-01 5.591228e-01 1.013752e+00
8.448448e-01 8.590609e-01 7.432303e-01 5.602015e-01 1.014139e+00
8.468468e-01 8.825336e-01 7.842521e-01 6.231982e-01 1.013246e+00
8.488488e-01 8.842211e-01 7.871368e-01 6.276894e-01 1.013081e+00
8.508509e-01 8.825875e-01 7.843104e-01 6.232390e-01 1.013162e+00
8.528529e-01 8.592414e-01 7.434137e-01 5.601754e-01 1.013591e+00
8.548549e-01 8.596258e-01 7.441528e-01 5.614891e-01 1.013951e+00
8.568569e-01 8.825875e-01 7.842690e-01 6.230308e-01 1.012930e+00
8.588589e-01 8.823062e-01 7.837982e-01 6.224478e-01 1.013198e+00
8.608609e-01 8.831477e-01 7.852553e-01 6.246458e-01 1.013006e+00
8.628629e-01 8.829461e-01 7.848646e-01 6.238162e-01 1.012668e+00
8.648649e-01 8.592297e-01 7.432613e-01 5.597737e-01 1.013280e+00
8.668669e-01 8.833023e-01 7.855094e-01 6.249564e-01 1.012854e+00
8.688689e-01 8.818680e-01 7.829018e-01 6.208001e-01 1.012832e+00
8.708709e-01 8.587914e-01 7.425317e-01 5.586637e-01 1.013259e+00
8.728729e-01 8.822477e-01 7.835146e-01 6.216785e-01 1.012679e+00
8.748749e-01 8.582547e-01 7.415953e-01 5.572608e-01 1.013269e+00
8.768769e-01 8.603898e-01 7.453374e-01 5.631215e-01 1.013669e+00
8.788789e-01 8.587773e-01 7.424901e-01 5.587277e-01 1.013489e+00
8.808809e-01 8.823648e-01 7.835815e-01 6.214799e-01 1.012182e+00
8.828829e-01 8.585172e-01 7.418657e-01 5.573546e-01 1.012701e+00
8.848849e-01 8.820906e-01 7.832075e-01 6.209857e-01 1.012343e+00
8.868869e-01 8.590445e-01 7.429045e-01 5.591700e-01 1.013159e+00
8.888889e-01 8.813336e-01 7.817957e-01 6.187610e-01 1.012363e+00
8.908909e-01 8.818281e-01 7.827336e-01 6.203289e-01 1.012498e+00
8.928929e-01 8.817602e-01 7.824944e-01 6.198918e-01 1.012403e+00
8.948949e-01 8.597078e-01 7.439833e-01 5.607026e-01 1.012993e+00
8.968969e-01 8.590117e-01 7.427666e-01 5.589433e-01 1.013125e+00
8.988989e-01 8.817977e-01 7.825497e-01 6.200191e-01 1.012468e+00
9.009009e-01 8.829859e-01 7.847353e-01 6.233725e-01 1.012281e+00
9.029029e-01 8.596234e-01 7.436998e-01 5.601594e-01 1.012783e+00
9.049049e-01 8.830938e-01 7.848613e-01 6.235655e-01 1.012270e+00
9.069069e-01 8.829016e-01 7.844024e-01 6.227303e-01 1.012097e+00
9.089089e-01 8.825500e-01 7.839312e-01 6.221212e-01 1.012323e+00
9.109109e-01 8.593352e-01 7.432666e-01 5.595196e-01 1.012806e+00
9.129129e-01 8.828383e-01 7.844375e-01 6.229488e-01 1.012362e+00
9.149149e-01 8.820719e-01 7.830334e-01 6.205800e-01 1.012132e+00
9.169169e-01 8.601648e-01 7.446032e-01 5.614137e-01 1.012589e+00
9.189189e-01 8.592625e-01 7.430885e-01 5.591895e-01 1.012693e+00
9.209209e-01 8.837125e-01 7.859501e-01 6.252735e-01 1.012232e+00
9.229229e-01 8.813641e-01 7.818888e-01 6.188674e-01 1.012296e+00
9.249249e-01 8.823813e-01 7.835559e-01 6.212602e-01 1.011890e+00
9.269269e-01 8.834688e-01 7.854314e-01 6.244031e-01 1.012158e+00
9.289289e-01 8.827375e-01 7.841383e-01 6.222467e-01 1.011993e+00
9.309309e-01 8.829766e-01 7.845982e-01 6.229617e-01 1.011968e+00
9.329329e-01 8.836727e-01 7.858145e-01 6.250498e-01 1.012219e+00
9.349349e-01 8.587469e-01 7.421624e-01 5.577704e-01 1.012646e+00
9.369369e-01 8.829438e-01 7.845258e-01 6.229319e-01 1.012106e+00
9.389389e-01 8.823648e-01 7.836038e-01 6.215034e-01 1.012163e+00
9.409409e-01 8.588523e-01 7.423751e-01 5.582143e-01 1.012871e+00
9.429429e-01 8.595039e-01 7.435687e-01 5.601391e-01 1.013103e+00
9.449449e-01 8.830117e-01 7.846933e-01 6.232561e-01 1.012201e+00
9.469469e-01 8.831219e-01 7.847604e-01 6.230993e-01 1.011773e+00
9.489489e-01 8.588336e-01 7.423481e-01 5.580059e-01 1.012566e+00
9.509510e-01 8.835555e-01 7.855313e-01 6.245199e-01 1.012090e+00
9.529530e-01 8.828172e-01 7.841599e-01 6.221942e-01 1.011851e+00
9.549550e-01 8.826180e-01 7.838493e-01 6.217000e-01 1.011849e+00
9.569570e-01 8.599117e-01 7.441147e-01 5.606448e-01 1.012530e+00
9.589590e-01 8.609125e-01 7.457790e-01 5.630445e-01 1.012331e+00
9.609610e-01 8.585687e-01 7.416969e-01 5.567987e-01 1.012151e+00
9.629630e-01 8.831102e-01 7.847048e-01 6.230602e-01 1.011853e+00
9.649650e-01 8.836633e-01 7.855560e-01 6.242178e-01 1.011537e+00
9.669670e-01 8.809773e-01 7.809596e-01 6.170694e-01 1.011758e+00
9.689690e-01 8.831992e-01 7.849130e-01 6.233384e-01 1.011768e+00
9.709710e-01 8.595930e-01 7.434943e-01 5.596075e-01 1.012344e+00
9.729730e-01 8.595344e-01 7.433848e-01 5.594274e-01 1.012317e+00
9.749750e-01 8.832578e-01 7.849683e-01 6.234044e-01 1.011732e+00
9.769770e-01 8.836398e-01 7.855162e-01 6.241902e-01 1.011595e+00
9.789790e-01 8.830867e-01 7.845892e-01 6.226828e-01 1.011538e+00
9.809810e-01 8.811648e-01 7.811645e-01 6.171474e-01 1.011356e+00
9.829830e-01 8.602445e-01 7.444989e-01 5.609522e-01 1.012040e+00
9.849850e-01 8.820883e-01 7.828448e-01 6.200058e-01 1.011683e+00
9.869870e-01 8.822289e-01 7.830223e-01 6.200236e-01 1.011253e+00
9.889890e-01 8.821937e-01 7.830038e-01 6.202300e-01 1.011638e+00
9.909910e-01 8.599281e-01 7.439969e-01 5.602577e-01 1.012151e+00
9.929930e-01 8.595977e-01 7.433634e-01 5.591622e-01 1.011895e+00
9.949950e-01 8.580602e-01 7.407458e-01 5.553796e-01 1.012165e+00
9.969970e-01 8.593680e-01 7.429803e-01 5.586164e-01 1.011950e+00
9.989990e-01 8.591125e-01 7.425900e-01 5.580939e-01 1.012067e+00
1.001001e+00 8.600219e-01 7.441138e-01 5.603263e-01 1.011957e+00
1.003003e+00 8.827305e-01 7.838904e-01 6.216432e-01 1.011651e+00
1.005005e+00 8.826930e-01 7.837437e-01 6.211770e-01 1.011270e+00
1.007007e+00 8.833516e-01 7.850176e-01 6.232282e-01 1.011320e+00
1.009009e+00 8.826883e-01 7.838233e-01 6.213264e-01 1.011308e+00
1.011011e+00 8.820203e-01 7.826011e-01 6.193662e-01 1.011269e+00
1.013013e+00 8.826883e-01 7.838288e-01 6.213510e-01 1.011334e+00
1.015015e+00 8.601977e-01 7.443437e-01 5.605979e-01 1.011823e+00
1.017017e+00 8.826602e-01 7.834781e-01 6.203504e-01 1.010609e+00
1.019019e+00 8.832039e-01 7.847311e-01 6.228391e-01 1.011426e+00
1.021021e+00 8.832555e-01 7.848042e-01 6.229702e-01 1.011450e+00
1.023023e+00 8.585969e-01 7.416371e-01 5.564814e-01 1.011737e+00
1.025025e+00 8.829625e-01 7.841858e-01 6.218065e-01 1.011154e+00
1.027027e+00 8.841367e-01 7.863733e-01 6.256139e-01 1.011693e+00
1.029029e+00 8.585523e-01 7.414082e-01 5.560696e-01 1.011613e+00
1.031031e+00 8.813219e-01 7.812242e-01 6.170892e-01 1.011106e+00
1.033033e+00 8.830352e-01 7.843144e-01 6.221647e-01 1.011405e+00
1.035035e+00 8.832648e-01 7.847118e-01 6.225373e-01 1.010986e+00
1.037037e+00 8.590750e-01 7.423157e-01 5.575258e-01 1.011784e+00
1.039039e+00 8.575516e-01 7.398324e-01 5.537963e-01 1.011774e+00
1.041041e+00 8.591008e-01 7.424129e-01 5.575922e-01 1.011639e+00
1.043043e+00 8.828945e-01 7.840468e-01 6.215505e-01 1.011096e+00
1.045045e+00 8.595906e-01 7.431498e-01 5.584948e-01 1.011268e+00
1.047047e+00 8.817859e-01 7.821221e-01 6.184182e-01 1.010958e+00
1.049049e+00 8.826508e-01 7.835917e-01 6.207532e-01 1.010972e+00
1.051051e+00 8.821516e-01 7.826362e-01 6.191519e-01 1.010828e+00
1.053053e+00 8.825031e-01 7.833318e-01 6.204086e-01 1.011082e+00
1.055055e+00 8.600641e-01 7.440468e-01 5.600582e-01 1.011655e+00
1.057057e+00 8.813383e-01 7.812991e-01 6.171743e-01 1.011051e+00
1.059059e+00 8.823555e-01 7.830101e-01 6.196718e-01 1.010711e+00
1.061061e+00 8.584539e-01 7.412042e-01 5.556435e-01 1.011394e+00
1.063063e+00 8.825875e-01 7.835104e-01 6.207578e-01 1.011190e+00
1.065065e+00 8.820414e-01 7.824532e-01 6.188634e-01 1.010830e+00
1.067067e+00 8.591195e-01 7.423976e-01 5.574647e-01 1.011450e+00
1.069069e+00 8.835906e-01 7.851622e-01 6.232523e-01 1.010986e+00
1.071071e+00 8.838555e-01 7.856592e-01 6.240115e-01 1.010937e+00
1.073073e+00 8.585336e-01 7.413789e-01 5.560500e-01 1.011657e+00
1.075075e+00 8.819922e-01 7.823477e-01 6.186481e-01 1.010751e+00
1.077077e+00 8.604531e-01 7.446587e-01 5.607762e-01 1.011288e+00
1.079079e+00 8.828242e-01 7.838689e-01 6.210759e-01 1.010783e+00
1.081081e+00 8.840969e-01 7.861181e-01 6.246920e-01 1.010859e+00
1.083083e+00 8.599445e-01 7.437972e-01 5.597355e-01 1.011751e+00
1.085085e+00 8.815445e-01 7.815611e-01 6.175383e-01 1.010969e+00
1.087087e+00 8.834008e-01 7.848895e-01 6.226160e-01 1.010656e+00
1.089089e+00 8.842656e-01 7.863276e-01 6.249820e-01 1.010789e+00
1.091091e+00 8.829977e-01 7.840534e-01 6.213603e-01 1.010770e+00
1.093093e+00 8.605656e-01 7.448128e-01 5.610919e-01 1.011439e+00
1.095095e+00 8.824586e-01 7.830525e-01 6.195400e-01 1.010387e+00
1.097097e+00 8.834453e-01 7.848726e-01 6.226160e-01 1.010699e+00
1.099099e+00 8.590234e-01 7.421720e-01 5.571615e-01 1.011514e+00
1.101101e+00 8.832484e-01 7.845419e-01 6.221578e-01 1.010807e+00
1.103103e+00 8.592016e-01 7.424272e-01 5.574133e-01 1.011276e+00
1.105105e+00 8.824914e-01 7.831305e-01 6.197647e-01 1.010552e+00
1.107107e+00 8.824023e-01 7.829172e-01 6.193608e-01 1.010444e+00
1.109109e+00 8.827563e-01 7.836131e-01 6.205136e-01 1.010527e+00
1.111111e+00 8.826086e-01 7.833570e-01 6.201125e-01 1.010534e+00
1.113113e+00 8.825031e-01 7.831256e-01 6.198419e-01 1.010690e+00
1.115115e+00 8.583859e-01 7.410495e-01 5.554133e-01 1.011398e+00
1.117117e+00 8.827492e-01 7.836442e-01 6.206730e-01 1.010706e+00
1.119119e+00 8.603664e-01 7.443080e-01 5.600632e-01 1.010955e+00
1.121121e+00 8.592555e-01 7.424271e-01 5.573092e-01 1.011087e+00
1.123123e+00 8.819969e-01 7.822062e-01 6.182503e-01 1.010466e+00
1.125125e+00 8.613227e-01 7.459803e-01 5.626187e-01 1.011019e+00
1.127127e+00 8.805250e-01 7.796099e-01 6.140847e-01 1.010354e+00
1.129129e+00 8.830680e-01 7.840497e-01 6.211462e-01 1.010431e+00
1.131131e+00 8.839281e-01 7.855147e-01 6.233904e-01 1.010303e+00
1.133133e+00 8.580344e-01 7.402365e-01 5.538619e-01 1.010789e+00
1.135135e+00 8.825266e-01 7.830834e-01 6.195462e-01 1.010317e+00
1.137137e+00 8.839469e-01 7.855518e-01 6.233388e-01 1.010124e+00
1.139139e+00 8.591242e-01 7.420532e-01 5.564563e-01 1.010557e+00
1.141141e+00 8.830211e-01 7.840190e-01 6.211883e-01 1.010579e+00
1.143143e+00 8.603172e-01 7.443061e-01 5.603080e-01 1.011402e+00
1.145145e+00 8.573852e-01 7.391717e-01 5.521330e-01 1.010539e+00
1.147147e+00 8.588898e-01 7.417970e-01 5.563286e-01 1.011024e+00
1.149149e+00 8.832133e-01 7.842936e-01 6.213582e-01 1.010147e+00
1.151151e+00 8.840734e-01 7.858836e-01 6.239472e-01 1.010256e+00
1.153153e+00 8.596422e-01 7.430814e-01 5.582701e-01 1.011048e+00
1.155155e+00 8.816336e-01 7.815317e-01 6.171213e-01 1.010363e+00
1.157157e+00 8.586203e-01 7.413305e-01 5.556588e-01 1.011077e+00
1.159159e+00 8.596492e-01 7.430277e-01 5.580918e-01 1.010871e+00
1.161161e+00 8.829906e-01 7.838617e-01 6.207102e-01 1.010206e+00
1.163163e+00 8.836656e-01 7.851185e-01 6.228789e-01 1.010493e+00
1.165165e+00 8.820813e-01 7.822912e-01 6.182032e-01 1.010170e+00
1.167167e+00 8.825688e-01 7.831259e-01 6.195872e-01 1.010274e+00
1.169169e+00 8.849312e-01 7.872914e-01 6.261940e-01 1.010271e+00
1.171171e+00 8.830094e-01 7.839569e-01 6.209618e-01 1.010370e+00
1.173173e+00 8.843969e-01 7.863627e-01 6.247976e-01 1.010400e+00
1.175175e+00 8.602656e-01 7.441771e-01 5.598921e-01 1.011001e+00
1.177177e+00 8.833914e-01 7.845282e-01 6.217581e-01 1.010193e+00
1.179179e+00 8.834359e-01 7.846427e-01 6.220246e-01 1.010331e+00
1.181181e+00 8.823625e-01 7.828010e-01 6.191791e-01 1.010447e+00
1.183183e+00 8.608750e-01 7.451350e-01 5.612556e-01 1.010859e+00
1.185185e+00 8.821680e-01 7.824597e-01 6.185964e-01 1.010377e+00
1.187187e+00 8.819266e-01 7.819560e-01 6.175900e-01 1.010033e+00
1.189189e+00 8.828687e-01 7.836288e-01 6.202295e-01 1.010024e+00
1.191191e+00 8.818750e-01 7.818528e-01 6.173185e-01 1.009856e+00
1.193193e+00 8.829883e-01 7.837889e-01 6.204759e-01 1.010012e+00
1.195195e+00 8.593469e-01 7.424252e-01 5.571492e-01 1.010802e+00
1.197197e+00 8.816711e-01 7.814981e-01 6.168826e-01 1.010059e+00
1.199199e+00 8.840430e-01 7.857181e-01 6.235272e-01 1.010001e+00
1.201201e+00 8.821586e-01 7.823897e-01 6.184067e-01 1.010248e+00
1.203203e+00 8.590727e-01 7.419198e-01 5.563184e-01 1.010670e+00
1.205205e+00 8.823953e-01 7.827101e-01 6.186851e-01 1.009875e+00
1.207207e+00 8.817719e-01 7.816143e-01 6.169949e-01 1.009942e+00
1.209209e+00 8.592672e-01 7.422319e-01 5.566208e-01 1.010370e+00
1.211211e+00 8.588758e-01 7.415483e-01 5.556569e-01 1.010480e+00
1.213213e+00 8.835297e-01 7.846464e-01 6.216458e-01 1.009706e+00
1.215215e+00 8.590656e-01 7.418969e-01 5.562003e-01 1.010518e+00
1.217217e+00 8.839352e-01 7.854027e-01 6.229462e-01 1.009871e+00
1.219219e+00 8.820227e-01 7.820099e-01 6.176007e-01 1.009911e+00
1.221221e+00 8.597008e-01 7.429449e-01 5.577500e-01 1.010477e+00
1.223223e+00 8.598227e-01 7.431785e-01 5.581409e-01 1.010549e+00
1.225225e+00 8.595039e-01 7.425903e-01 5.570230e-01 1.010124e+00
1.227227e+00 8.815867e-01 7.813121e-01 6.164406e-01 1.009816e+00
1.229229e+00 8.837453e-01 7.850224e-01 6.223198e-01 1.009833e+00
1.231231e+00 8.812703e-01 7.806783e-01 6.153998e-01 1.009748e+00
1.233233e+00 8.838414e-01 7.851605e-01 6.224957e-01 1.009763e+00
1.235235e+00 8.826883e-01 7.831410e-01 6.192197e-01 1.009636e+00
1.237237e+00 8.592742e-01 7.421490e-01 5.563738e-01 1.010147e+00
1.239239e+00 8.604953e-01 7.442551e-01 5.596276e-01 1.010312e+00
1.241241e+00 8.838156e-01 7.851397e-01 6.224566e-01 1.009753e+00
1.243243e+00 8.828969e-01 7.835141e-01 6.199581e-01 1.009877e+00
1.245245e+00 8.821727e-01 7.822464e-01 6.179344e-01 1.009846e+00
1.247247e+00 8.588219e-01 7.413473e-01 5.552115e-01 1.010218e+00
1.249249e+00 8.833773e-01 7.843317e-01 6.210259e-01 1.009509e+00
1.251251e+00 8.828500e-01 7.833515e-01 6.196916e-01 1.009862e+00
1.253253e+00 8.598227e-01 7.431750e-01 5.581215e-01 1.010524e+00
1.255255e+00 8.812961e-01 7.807256e-01 6.154088e-01 1.009641e+00
1.257257e+00 8.836352e-01 7.847883e-01 6.219983e-01 1.009913e+00
1.259259e+00 8.597172e-01 7.430445e-01 5.578617e-01 1.010408e+00
1.261261e+00 8.834406e-01 7.844718e-01 6.213789e-01 1.009722e+00
1.263263e+00 8.844766e-01 7.863457e-01 6.244672e-01 1.009910e+00
1.265265e+00 8.594195e-01 7.423481e-01 5.565569e-01 1.009937e+00
1.267267e+00 8.839023e-01 7.851993e-01 6.224084e-01 1.009522e+00
1.269269e+00 8.814578e-01 7.809675e-01 6.158737e-01 1.009778e+00
1.271271e+00 8.826859e-01 7.831174e-01 6.192414e-01 1.009732e+00
1.273273e+00 8.817789e-01 7.814340e-01 6.165423e-01 1.009667e+00
1.275275e+00 8.836422e-01 7.848291e-01 6.219816e-01 1.009781e+00
1.277277e+00 8.819523e-01 7.817842e-01 6.171364e-01 1.009735e+00
1.279279e+00 8.833797e-01 7.843248e-01 6.211325e-01 1.009700e+00
1.281281e+00 8.837430e-01 7.849564e-01 6.220404e-01 1.009549e+00
1.283283e+00 8.598320e-01 7.431227e-01 5.579248e-01 1.010310e+00
1.285285e+00 8.830281e-01 7.836288e-01 6.199296e-01 1.009535e+00
1.287287e+00 8.818586e-01 7.816528e-01 6.168150e-01 1.009548e+00
1.289289e+00 8.823180e-01 7.823692e-01 6.178572e-01 1.009403e+00
1.291291e+00 8.799695e-01 7.783051e-01 6.114217e-01 1.009348e+00
1.293293e+00 8.575469e-01 7.391335e-01 5.517072e-01 1.009864e+00
1.295295e+00 8.833398e-01 7.842451e-01 6.209960e-01 1.009683e+00
1.297297e+00 8.600945e-01 7.435069e-01 5.584648e-01 1.010243e+00
1.299299e+00 8.833539e-01 7.843089e-01 6.210451e-01 1.009599e+00
1.301301e+00 8.813148e-01 7.806057e-01 6.151161e-01 1.009470e+00
1.303303e+00 8.825031e-01 7.826258e-01 6.180738e-01 1.009095e+00
1.305305e+00 8.832813e-01 7.840791e-01 6.205865e-01 1.009445e+00
1.307307e+00 8.811602e-01 7.802842e-01 6.145864e-01 1.009433e+00
1.309309e+00 8.836047e-01 7.846969e-01 6.215937e-01 1.009492e+00
1.311311e+00 8.595109e-01 7.424571e-01 5.567612e-01 1.010011e+00
1.313313e+00 8.605750e-01 7.444301e-01 5.598997e-01 1.010328e+00
1.315315e+00 8.836352e-01 7.847262e-01 6.218141e-01 1.009774e+00
1.317317e+00 8.820297e-01 7.818493e-01 6.170378e-01 1.009405e+00
1.319319e+00 8.579828e-01 7.398613e-01 5.527815e-01 1.009841e+00
1.321321e+00 8.602609e-01 7.437175e-01 5.584584e-01 1.009659e+00
1.323323e+00 8.608867e-01 7.447884e-01 5.602101e-01 1.009916e+00
1.325325e+00 8.599469e-01 7.431585e-01 5.576575e-01 1.009728e+00
1.327327e+00 8.824984e-01 7.826679e-01 6.182636e-01 1.009296e+00
1.329329e+00 8.594477e-01 7.422671e-01 5.562651e-01 1.009628e+00
1.331331e+00 8.814742e-01 7.809063e-01 6.155731e-01 1.009443e+00
1.333333e+00 8.596773e-01 7.427789e-01 5.572396e-01 1.010004e+00
1.335335e+00 8.826344e-01 7.829660e-01 6.188514e-01 1.009487e+00
1.337337e+00 8.592016e-01 7.418256e-01 5.556087e-01 1.009637e+00
1.339339e+00 8.591148e-01 7.417819e-01 5.558197e-01 1.010140e+00
1.341341e+00 8.596867e-01 7.427565e-01 5.572093e-01 1.010009e+00
1.343343e+00 8.587867e-01 7.412620e-01 5.550316e-01 1.010123e+00
1.345345e+00 8.591242e-01 7.418254e-01 5.558352e-01 1.010049e+00
1.347347e+00 8.833609e-01 7.842026e-01 6.208400e-01 1.009539e+00
1.349349e+00 8.821539e-01 7.821048e-01 6.175756e-01 1.009625e+00
1.351351e+00 8.594805e-01 7.423636e-01 5.564581e-01 1.009716e+00
1.353353e+00 8.821891e-01 7.820923e-01 6.171916e-01 1.009030e+00
1.355355e+00 8.835297e-01 7.845170e-01 6.211946e-01 1.009306e+00
1.357357e+00 8.817203e-01 7.811685e-01 6.158051e-01 1.009146e+00
1.359359e+00 8.609148e-01 7.449114e-01 5.605184e-01 1.010138e+00
1.361361e+00 8.600570e-01 7.433688e-01 5.580227e-01 1.009818e+00
1.363363e+00 8.822664e-01 7.822208e-01 6.173441e-01 1.008947e+00
1.365365e+00 8.592836e-01 7.419915e-01 5.559253e-01 1.009761e+00
1.367367e+00 8.838883e-01 7.850143e-01 6.218385e-01 1.009073e+00
1.369369e+00 8.601766e-01 7.435417e-01 5.582779e-01 1.009810e+00
1.371371e+00 8.599961e-01 7.433280e-01 5.580915e-01 1.010053e+00
1.373373e+00 8.587352e-01 7.410282e-01 5.543991e-01 1.009609e+00
1.375375e+00 8.607578e-01 7.445974e-01 5.599901e-01 1.010037e+00
1.377377e+00 8.837031e-01 7.847480e-01 6.215232e-01 1.009246e+00
1.379379e+00 8.823742e-01 7.824030e-01 6.178260e-01 1.009265e+00
1.381381e+00 8.829648e-01 7.834929e-01 6.196284e-01 1.009395e+00
1.383383e+00 8.843172e-01 7.858792e-01 6.233958e-01 1.009374e+00
1.385385e+00 8.824633e-01 7.825257e-01 6.179715e-01 1.009186e+00
1.387387e+00 8.594641e-01 7.422631e-01 5.562585e-01 1.009627e+00
1.389389e+00 8.827328e-01 7.829999e-01 6.188533e-01 1.009402e+00
1.391391e+00 8.831594e-01 7.836760e-01 6.196118e-01 1.008897e+00
1.393393e+00 8.591453e-01 7.416528e-01 5.553017e-01 1.009550e+00
1.395395e+00 8.582617e-01 7.401975e-01 5.532238e-01 1.009731e+00
1.397397e+00 8.840687e-01 7.853740e-01 6.225513e-01 1.009304e+00
1.399399e+00 8.824914e-01 7.825860e-01 6.180606e-01 1.009176e+00
1.401401e+00 8.835906e-01 7.845136e-01 6.211869e-01 1.009302e+00
1.403403e+00 8.818328e-01 7.814093e-01 6.161915e-01 1.009157e+00
1.405405e+00 8.594547e-01 7.423166e-01 5.563159e-01 1.009585e+00
1.407407e+00 8.591148e-01 7.417018e-01 5.554230e-01 1.009637e+00
1.409409e+00 8.584375e-01 7.404229e-01 5.533943e-01 1.009427e+00
1.411411e+00 8.824352e-01 7.824381e-01 6.177616e-01 1.009069e+00
1.413413e+00 8.829227e-01 7.832945e-01 6.192082e-01 1.009222e+00
1.415415e+00 8.825078e-01 7.826128e-01 6.181659e-01 1.009279e+00
1.417417e+00 8.822664e-01 7.821362e-01 6.172838e-01 1.009067e+00
1.419419e+00 8.826250e-01 7.826994e-01 6.181159e-01 1.008974e+00
1.421421e+00 8.599984e-01 7.431940e-01 5.576554e-01 1.009628e+00
1.423423e+00 8.828805e-01 7.832483e-01 6.190293e-01 1.009049e+00
1.425425e+00 8.589766e-01 7.413889e-01 5.548122e-01 1.009378e+00
1.427427e+00 8.602937e-01 7.436788e-01 5.583006e-01 1.009479e+00
1.429429e+00 8.832906e-01 7.839289e-01 6.203474e-01 1.009443e+00
1.431431e+00 8.605609e-01 7.440875e-01 5.590044e-01 1.009642e+00
1.433433e+00 8.818023e-01 7.813415e-01 6.160342e-01 1.009074e+00
1.435435e+00 8.601648e-01 7.435160e-01 5.582173e-01 1.009771e+00
1.437437e+00 8.827375e-01 7.829907e-01 6.184371e-01 1.008747e+00
1.439439e+00 8.595836e-01 7.424797e-01 5.565977e-01 1.009653e+00
1.441441e+00 8.827445e-01 7.829494e-01 6.185036e-01 1.008962e+00
1.443443e+00 8.829578e-01 7.833411e-01 6.191101e-01 1.008942e+00
1.445445e+00 8.832836e-01 7.839619e-01 6.203667e-01 1.009389e+00
1.447447e+00 8.598836e-01 7.428988e-01 5.571491e-01 1.009514e+00
1.449449e+00 8.841461e-01 7.854554e-01 6.225848e-01 1.009149e+00
1.451451e+00 8.812188e-01 7.802789e-01 6.143195e-01 1.009008e+00
1.453453e+00 8.826719e-01 7.827164e-01 6.180660e-01 1.008848e+00
1.455455e+00 8.827211e-01 7.829746e-01 6.186120e-01 1.009074e+00
1.457457e+00 8.815727e-01 7.808434e-01 6.151844e-01 1.008968e+00
1.459459e+00 8.815516e-01 7.808639e-01 6.152395e-01 1.009005e+00
1.461461e+00 8.593258e-01 7.419967e-01 5.558053e-01 1.009529e+00
1.463463e+00 8.824914e-01 7.825677e-01 6.179460e-01 1.009036e+00
1.465465e+00 8.833891e-01 7.839993e-01 6.200193e-01 1.008727e+00
1.467467e+00 8.608609e-01 7.446967e-01 5.601382e-01 1.010035e+00
1.469469e+00 8.829836e-01 7.834174e-01 6.193816e-01 1.009188e+00
1.471471e+00 8.824750e-01 7.824087e-01 6.175462e-01 1.008793e+00
1.473473e+00 8.816945e-01 7.810541e-01 6.154350e-01 1.008835e+00
1.475475e+00 8.834453e-01 7.842268e-01 6.205314e-01 1.008975e+00
1.477477e+00 8.598367e-01 7.429124e-01 5.572314e-01 1.009626e+00
1.479479e+00 8.822781e-01 7.821541e-01 6.172346e-01 1.008941e+00
1.481481e+00 8.833234e-01 7.839569e-01 6.201045e-01 1.008975e+00
1.483483e+00 8.834500e-01 7.841519e-01 6.204141e-01 1.008977e+00
1.485485e+00 8.584094e-01 7.404227e-01 5.535237e-01 1.009664e+00
1.487487e+00 8.594125e-01 7.422820e-01 5.564691e-01 1.009958e+00
1.489489e+00 8.836844e-01 7.846677e-01 6.214006e-01 1.009253e+00
1.491491e+00 8.833094e-01 7.839686e-01 6.202944e-01 1.009254e+00
1.493493e+00 8.832250e-01 7.838080e-01 6.199762e-01 1.009150e+00
1.495495e+00 8.813313e-01 7.803957e-01 6.143615e-01 1.008775e+00
1.497497e+00 8.844531e-01 7.859343e-01 6.232777e-01 1.009042e+00
1.499499e+00 8.818656e-01 7.814561e-01 6.160969e-01 1.008881e+00
1.501502e+00 8.838977e-01 7.850164e-01 6.217686e-01 1.008954e+00
1.503504e+00 8.584492e-01 7.405064e-01 5.535620e-01 1.009506e+00
1.505506e+00 8.604531e-01 7.438330e-01 5.583941e-01 1.009229e+00
1.507508e+00 8.839234e-01 7.851186e-01 6.220701e-01 1.009180e+00
1.509510e+00 8.831055e-01 7.835547e-01 6.195202e-01 1.009060e+00
1.511512e+00 8.594055e-01 7.419796e-01 5.556223e-01 1.009243e+00
1.513514e+00 8.839516e-01 7.850307e-01 6.217945e-01 1.008959e+00
1.515516e+00 8.823320e-01 7.820904e-01 6.170693e-01 1.008835e+00
1.517518e+00 8.829391e-01 7.832146e-01 6.187056e-01 1.008608e+00
1.519520e+00 8.837477e-01 7.846228e-01 6.209784e-01 1.008683e+00
1.521522e+00 8.805789e-01 7.790659e-01 6.122084e-01 1.008674e+00
1.523524e+00 8.826766e-01 7.828979e-01 6.184328e-01 1.008979e+00
1.525526e+00 8.847133e-01 7.863624e-01 6.238098e-01 1.008804e+00
1.527528e+00 8.811438e-01 7.800577e-01 6.136930e-01 1.008551e+00
1.529530e+00 8.820531e-01 7.816890e-01 6.163535e-01 1.008700e+00
1.531532e+00 8.823062e-01 7.820792e-01 6.169554e-01 1.008677e+00
1.533534e+00 8.826227e-01 7.826829e-01 6.180029e-01 1.008832e+00
1.535536e+00 8.813617e-01 7.803774e-01 6.142272e-01 1.008602e+00
1.537538e+00 8.584094e-01 7.403391e-01 5.532715e-01 1.009432e+00
1.539540e+00 8.801336e-01 7.781946e-01 6.108099e-01 1.008625e+00
1.541542e+00 8.824563e-01 7.822686e-01 6.170948e-01 1.008417e+00
1.543544e+00 8.826578e-01 7.826743e-01 6.178795e-01 1.008653e+00
1.545546e+00 8.819523e-01 7.813886e-01 6.159410e-01 1.008800e+00
1.547548e+00 8.812305e-01 7.801475e-01 6.138425e-01 1.008564e+00
1.549550e+00 8.834828e-01 7.840998e-01 6.202621e-01 1.008864e+00
1.551552e+00 8.836984e-01 7.845364e-01 6.208428e-01 1.008685e+00
1.553554e+00 8.807617e-01 7.793411e-01 6.125430e-01 1.008513e+00
1.555556e+00 8.828664e-01 7.830109e-01 6.183978e-01 1.008631e+00
1.557558e+00 8.824117e-01 7.822193e-01 6.171960e-01 1.008709e+00
1.559560e+00 8.845773e-01 7.860233e-01 6.231693e-01 1.008638e+00
1.561562e+00 8.839820e-01 7.848938e-01 6.214269e-01 1.008714e+00
1.563564e+00 8.819898e-01 7.815732e-01 6.162559e-01 1.008839e+00
1.565566e+00 8.584188e-01 7.403668e-01 5.532928e-01 1.009395e+00
1.567568e+00 8.580977e-01 7.397646e-01 5.522608e-01 1.009153e+00
1.569570e+00 8.812094e-01 7.801532e-01 6.140231e-01 1.008846e+00
1.571572e+00 8.825219e-01 7.824147e-01 6.174705e-01 1.008654e+00
1.573574e+00 8.584000e-01 7.402797e-01 5.530175e-01 1.009130e+00
1.575576e+00 8.840266e-01 7.850929e-01 6.216816e-01 1.008616e+00
1.577578e+00 8.588359e-01 7.409704e-01 5.540048e-01 1.009048e+00
1.579580e+00 8.825266e-01 7.824432e-01 6.175695e-01 1.008742e+00
1.581582e+00 8.838250e-01 7.847222e-01 6.212331e-01 1.008841e+00
1.583584e+00 8.594641e-01 7.420314e-01 5.556105e-01 1.009081e+00
1.585586e+00 8.590750e-01 7.413903e-01 5.546442e-01 1.009068e+00
1.587588e+00 8.573148e-01 7.383951e-01 5.501672e-01 1.009060e+00
1.589590e+00 8.829578e-01 7.831926e-01 6.186637e-01 1.008597e+00
1.591592e+00 8.823461e-01 7.821038e-01 6.169972e-01 1.008682e+00
1.593594e+00 8.601109e-01 7.431580e-01 5.573097e-01 1.009100e+00
1.595596e+00 8.838742e-01 7.847504e-01 6.210136e-01 1.008412e+00
1.597598e+00 8.822125e-01 7.818810e-01 6.166601e-01 1.008706e+00
1.599600e+00 8.822969e-01 7.820267e-01 6.167768e-01 1.008521e+00
1.601602e+00 8.831383e-01 7.835141e-01 6.192594e-01 1.008739e+00
1.603604e+00 8.843828e-01 7.856122e-01 6.223897e-01 1.008430e+00
1.605606e+00 8.827211e-01 7.827604e-01 6.179502e-01 1.008546e+00
1.607608e+00 8.596000e-01 7.422130e-01 5.558068e-01 1.008943e+00
1.609610e+00 8.818469e-01 7.811574e-01 6.153351e-01 1.008404e+00
1.611612e+00 8.848375e-01 7.864108e-01 6.237690e-01 1.008614e+00
1.613614e+00 8.826531e-01 7.825757e-01 6.174898e-01 1.008271e+00
1.615616e+00 8.587914e-01 7.407761e-01 5.535163e-01 1.008687e+00
1.617618e+00 8.836844e-01 7.844991e-01 6.207441e-01 1.008620e+00
1.619620e+00 8.598859e-01 7.427938e-01 5.567240e-01 1.009028e+00
1.621622e+00 8.593188e-01 7.418098e-01 5.552844e-01 1.009091e+00
1.623624e+00 8.821961e-01 7.817961e-01 6.164173e-01 1.008528e+00
1.625626e+00 8.607766e-01 7.442723e-01 5.589646e-01 1.009068e+00
1.627628e+00 8.819359e-01 7.813917e-01 6.158217e-01 1.008596e+00
1.629630e+00 8.581023e-01 7.397473e-01 5.522455e-01 1.009172e+00
1.631632e+00 8.594289e-01 7.420017e-01 5.555678e-01 1.009084e+00
1.633634e+00 8.593844e-01 7.419036e-01 5.554988e-01 1.009225e+00
1.635636e+00 8.814859e-01 7.806216e-01 6.146617e-01 1.008684e+00
1.637638e+00 8.617539e-01 7.459823e-01 5.615070e-01 1.009016e+00
1.639640e+00 8.817180e-01 7.809257e-01 6.150311e-01 1.008504e+00
1.641642e+00 8.838156e-01 7.845240e-01 6.205281e-01 1.008205e+00
1.643644e+00 8.584891e-01 7.403094e-01 5.528750e-01 1.008789e+00
1.645646e+00 8.817203e-01 7.808564e-01 6.149266e-01 1.008512e+00
1.647648e+00 8.827914e-01 7.828426e-01 6.180283e-01 1.008462e+00
1.649650e+00 8.832508e-01 7.836434e-01 6.193569e-01 1.008565e+00
1.651652e+00 8.832109e-01 7.835591e-01 6.192210e-01 1.008561e+00
1.653654e+00 8.825289e-01 7.823954e-01 6.174146e-01 1.008612e+00
1.655656e+00 8.833680e-01 7.837762e-01 6.193677e-01 1.008241e+00
1.657658e+00 8.601508e-01 7.430944e-01 5.570109e-01 1.008732e+00
1.659660e+00 8.588266e-01 7.408417e-01 5.536138e-01 1.008686e+00
1.661662e+00 8.584750e-01 7.403181e-01 5.529068e-01 1.008824e+00
1.663664e+00 8.594359e-01 7.418939e-01 5.551508e-01 1.008620e+00
1.665666e+00 8.831383e-01 7.834735e-01 6.189693e-01 1.008371e+00
1.667668e+00 8.831289e-01 7.834272e-01 6.189306e-01 1.008428e+00
1.669670e+00 8.588219e-01 7.408651e-01 5.537925e-01 1.008948e+00
1.671672e+00 8.821914e-01 7.817402e-01 6.162277e-01 1.008362e+00
1.673674e+00 8.573664e-01 7.382920e-01 5.497341e-01 1.008547e+00
1.675676e+00 8.838039e-01 7.845485e-01 6.207938e-01 1.008574e+00
1.677678e+00 8.833047e-01 7.836358e-01 6.191286e-01 1.008213e+00
1.679680e+00 8.579195e-01 7.393043e-01 5.513483e-01 1.008741e+00
1.681682e+00 8.834477e-01 7.839121e-01 6.196282e-01 1.008315e+00
1.683684e+00 8.820625e-01 7.815555e-01 6.159319e-01 1.008354e+00
1.685686e+00 8.836727e-01 7.843714e-01 6.203924e-01 1.008377e+00
1.687688e+00 8.857656e-01 7.880646e-01 6.262314e-01 1.008350e+00
1.689690e+00 8.822734e-01 7.818686e-01 6.164494e-01 1.008393e+00
1.691692e+00 8.801969e-01 7.781542e-01 6.105001e-01 1.008218e+00
1.693694e+00 8.825969e-01 7.824477e-01 6.173275e-01 1.008335e+00
1.695696e+00 8.837102e-01 7.843981e-01 6.204358e-01 1.008379e+00
1.697698e+00 8.590234e-01 7.411623e-01 5.541329e-01 1.008759e+00
1.699700e+00 8.818281e-01 7.810972e-01 6.152461e-01 1.008414e+00
1.701702e+00 8.847812e-01 7.864146e-01 6.237693e-01 1.008604e+00
1.703704e+00 8.598320e-01 7.425714e-01 5.563843e-01 1.009017e+00
1.705706e+00 8.601297e-01 7.430600e-01 5.569322e-01 1.008683e+00
1.707708e+00 8.823719e-01 7.820042e-01 6.166276e-01 1.008335e+00
1.709710e+00 8.839000e-01 7.846436e-01 6.207146e-01 1.008201e+00
1.711712e+00 8.823437e-01 7.819102e-01 6.164578e-01 1.008300e+00
1.713714e+00 8.828148e-01 7.828023e-01 6.178260e-01 1.008235e+00
1.715716e+00 8.801148e-01 7.780231e-01 6.102953e-01 1.008219e+00
1.717718e+00 8.841484e-01 7.851292e-01 6.214944e-01 1.008219e+00
1.719720e+00 8.844977e-01 7.858020e-01 6.226772e-01 1.008409e+00
1.721722e+00 8.836445e-01 7.842947e-01 6.202504e-01 1.008344e+00
1.723724e+00 8.606687e-01 7.440684e-01 5.586228e-01 1.009004e+00
1.725726e+00 8.837875e-01 7.844844e-01 6.204656e-01 1.008206e+00
1.727728e+00 8.824094e-01 7.820927e-01 6.168701e-01 1.008503e+00
1.729730e+00 8.825570e-01 7.824188e-01 6.172505e-01 1.008284e+00
1.731732e+00 8.591898e-01 7.415514e-01 5.549014e-01 1.009098e+00
1.733734e+00 8.843992e-01 7.856517e-01 6.223638e-01 1.008287e+00
1.735736e+00 8.822500e-01 7.818134e-01 6.163311e-01 1.008342e+00
1.737738e+00 8.595320e-01 7.420986e-01 5.554893e-01 1.008678e+00
1.739740e+00 8.839984e-01 7.848279e-01 6.209604e-01 1.008127e+00
1.741742e+00 8.831594e-01 7.834119e-01 6.189035e-01 1.008423e+00
1.743744e+00 8.831078e-01 7.833520e-01 6.187313e-01 1.008296e+00
1.745746e+00 8.806094e-01 7.788437e-01 6.115828e-01 1.008218e+00
1.747748e+00 8.822008e-01 7.817474e-01 6.161481e-01 1.008213e+00
1.749750e+00 8.826977e-01 7.826880e-01 6.177824e-01 1.008459e+00
1.751752e+00 8.827750e-01 7.826979e-01 6.176021e-01 1.008139e+00
1.753754e+00 8.827047e-01 7.825539e-01 6.175359e-01 1.008402e+00
1.755756e+00 8.826508e-01 7.825285e-01 6.173088e-01 1.008097e+00
1.757758e+00 8.841719e-01 7.852242e-01 6.216712e-01 1.008262e+00
1.759760e+00 8.826461e-01 7.825505e-01 6.175212e-01 1.008387e+00
1.761762e+00 8.833633e-01 7.837085e-01 6.191618e-01 1.008080e+00
1.763764e+00 8.579172e-01 7.392042e-01 5.511172e-01 1.008591e+00
1.765766e+00 8.591125e-01 7.412573e-01 5.541338e-01 1.008502e+00
1.767768e+00 8.823320e-01 7.819341e-01 6.165400e-01 1.008372e+00
1.769770e+00 8.836539e-01 7.842539e-01 6.201376e-01 1.008265e+00
1.771772e+00 8.596094e-01 7.421232e-01 5.554106e-01 1.008468e+00
1.773774e+00 8.833141e-01 7.835646e-01 6.188691e-01 1.007974e+00
1.775776e+00 8.597102e-01 7.422801e-01 5.556013e-01 1.008388e+00
1.777778e+00 8.590211e-01 7.410977e-01 5.539596e-01 1.008619e+00
1.779780e+00 8.810852e-01 7.796706e-01 6.129839e-01 1.008386e+00
1.781782e+00 8.831500e-01 7.833800e-01 6.187492e-01 1.008253e+00
1.783784e+00 8.858148e-01 7.880928e-01 6.264020e-01 1.008552e+00
1.785786e+00 8.819875e-01 7.814055e-01 6.156911e-01 1.008347e+00
1.787788e+00 8.602937e-01 7.433877e-01 5.574789e-01 1.008783e+00
1.789790e+00 8.827680e-01 7.826899e-01 6.176351e-01 1.008213e+00
1.791792e+00 8.831711e-01 7.834661e-01 6.189429e-01 1.008347e+00
1.793794e+00 8.835297e-01 7.840582e-01 6.197814e-01 1.008189e+00
1.795796e+00 8.805555e-01 7.788678e-01 6.115094e-01 1.008035e+00
1.797798e+00 8.821562e-01 7.815494e-01 6.158698e-01 1.008268e+00
1.799800e+00 8.593211e-01 7.416419e-01 5.548435e-01 1.008746e+00
1.801802e+00 8.841602e-01 7.852208e-01 6.217492e-01 1.008397e+00
1.803804e+00 8.834383e-01 7.837412e-01 6.190996e-01 1.007895e+00
1.805806e+00 8.588758e-01 7.408577e-01 5.536104e-01 1.008636e+00
1.807808e+00 8.829250e-01 7.829387e-01 6.178785e-01 1.007970e+00
1.809810e+00 8.832227e-01 7.835344e-01 6.190933e-01 1.008417e+00
1.811812e+00 8.815656e-01 7.804781e-01 6.139766e-01 1.007930e+00
1.813814e+00 8.836305e-01 7.840928e-01 6.196939e-01 1.007958e+00
1.815816e+00 8.828383e-01 7.827760e-01 6.176014e-01 1.007937e+00
1.817818e+00 8.828453e-01 7.827847e-01 6.176085e-01 1.007926e+00
1.819820e+00 8.595391e-01 7.419823e-01 5.553249e-01 1.008695e+00
1.821822e+00 8.591641e-01 7.413187e-01 5.542592e-01 1.008563e+00
1.823824e+00 8.813781e-01 7.802226e-01 6.136560e-01 1.008064e+00
1.825826e+00 8.610836e-01 7.446586e-01 5.593621e-01 1.008739e+00
1.827828e+00 8.831852e-01 7.833435e-01 6.186289e-01 1.008151e+00
1.829830e+00 8.824211e-01 7.820511e-01 6.165303e-01 1.008055e+00
1.831832e+00 8.824070e-01 7.820106e-01 6.163554e-01 1.007873e+00
1.833834e+00 8.606289e-01 7.439291e-01 5.583435e-01 1.008877e+00
1.835836e+00 8.833164e-01 7.837218e-01 6.192929e-01 1.008259e+00
1.837838e+00 8.613766e-01 7.451874e-01 5.601460e-01 1.008719e+00
1.839840e+00 8.579875e-01 7.393603e-01 5.513478e-01 1.008587e+00
1.841842e+00 8.813828e-01 7.802725e-01 6.137347e-01 1.008064e+00
1.843844e+00 8.825570e-01 7.823398e-01 6.172272e-01 1.008450e+00
1.845846e+00 8.833281e-01 7.836224e-01 6.191401e-01 1.008266e+00
1.847848e+00 8.831172e-01 7.833681e-01 6.187440e-01 1.008275e+00
1.849850e+00 8.824984e-01 7.820844e-01 6.165885e-01 1.008064e+00
1.851852e+00 8.600125e-01 7.427938e-01 5.564999e-01 1.008622e+00
1.853854e+00 8.839680e-01 7.846962e-01 6.207768e-01 1.008167e+00
1.855856e+00 8.570266e-01 7.376975e-01 5.487922e-01 1.008443e+00
1.857858e+00 8.831734e-01 7.833699e-01 6.186821e-01 1.008170e+00
1.859860e+00 8.598367e-01 7.425956e-01 5.563200e-01 1.008835e+00
1.861862e+00 8.824680e-01 7.820849e-01 6.165610e-01 1.008018e+00
1.863864e+00 8.838906e-01 7.846335e-01 6.206422e-01 1.008109e+00
1.865866e+00 8.845211e-01 7.857813e-01 6.225940e-01 1.008327e+00
1.867868e+00 8.821609e-01 7.815261e-01 6.156588e-01 1.007983e+00
1.869870e+00 8.816969e-01 7.806753e-01 6.143046e-01 1.007959e+00
1.871872e+00 8.833070e-01 7.835956e-01 6.190222e-01 1.008143e+00
1.873874e+00 8.587750e-01 7.407016e-01 5.533341e-01 1.008558e+00
1.875876e+00 8.842117e-01 7.851448e-01 6.214224e-01 1.008062e+00
1.877878e+00 8.594594e-01 7.418027e-01 5.549616e-01 1.008524e+00
1.879880e+00 8.828687e-01 7.827467e-01 6.174871e-01 1.007826e+00
1.881882e+00 8.811766e-01 7.797544e-01 6.127472e-01 1.007780e+00
1.883884e+00 8.823695e-01 7.818077e-01 6.159763e-01 1.007776e+00
1.885886e+00 8.818563e-01 7.810448e-01 6.148552e-01 1.007908e+00
1.887888e+00 8.823672e-01 7.818926e-01 6.162432e-01 1.007994e+00
1.889890e+00 8.581656e-01 7.395588e-01 5.514939e-01 1.008313e+00
1.891892e+00 8.833445e-01 7.835674e-01 6.188740e-01 1.007975e+00
1.893894e+00 8.826461e-01 7.823614e-01 6.168994e-01 1.007858e+00
1.895896e+00 8.826180e-01 7.823434e-01 6.170762e-01 1.008194e+00
1.897898e+00 8.595953e-01 7.420600e-01 5.553980e-01 1.008617e+00
1.899900e+00 8.606875e-01 7.438406e-01 5.579330e-01 1.008376e+00
1.901902e+00 8.819195e-01 7.810362e-01 6.148656e-01 1.007947e+00
1.903904e+00 8.595930e-01 7.419647e-01 5.550625e-01 1.008267e+00
1.905906e+00 8.591242e-01 7.411261e-01 5.538386e-01 1.008321e+00
1.907908e+00 8.595461e-01 7.419072e-01 5.550904e-01 1.008474e+00
1.909910e+00 8.595156e-01 7.419686e-01 5.552859e-01 1.008662e+00
1.911912e+00 8.856766e-01 7.877583e-01 6.254979e-01 1.007952e+00
1.913914e+00 8.582242e-01 7.396117e-01 5.514382e-01 1.008067e+00
1.915916e+00 8.822055e-01 7.815994e-01 6.158147e-01 1.008049e+00
1.917918e+00 8.826109e-01 7.823984e-01 6.170633e-01 1.008031e+00
1.919920e+00 8.589695e-01 7.409367e-01 5.535298e-01 1.008274e+00
1.921922e+00 8.799414e-01 7.776090e-01 6.095490e-01 1.008059e+00
1.923924e+00 8.815914e-01 7.804376e-01 6.138092e-01 1.007760e+00
1.925926e+00 8.592906e-01 7.415066e-01 5.545070e-01 1.008503e+00
1.927928e+00 8.823789e-01 7.818626e-01 6.160711e-01 1.007790e+00
1.929930e+00 8.582617e-01 7.396746e-01 5.516448e-01 1.008273e+00
1.931932e+00 8.588195e-01 7.407513e-01 5.533825e-01 1.008511e+00
1.933934e+00 8.575914e-01 7.385567e-01 5.500363e-01 1.008379e+00
1.935936e+00 8.815398e-01 7.804615e-01 6.140020e-01 1.008015e+00
1.937938e+00 8.833562e-01 7.835767e-01 6.188783e-01 1.007957e+00
1.939940e+00 8.807570e-01 7.790549e-01 6.117416e-01 1.007933e+00
1.941942e+00 8.833047e-01 7.834565e-01 6.186551e-01 1.007903e+00
1.943944e+00 8.821469e-01 7.813909e-01 6.152642e-01 1.007685e+00
1.945946e+00 8.836188e-01 7.840062e-01 6.194666e-01 1.007810e+00
1.947948e+00 8.599891e-01 7.426690e-01 5.561228e-01 1.008278e+00
1.949950e+00 8.822125e-01 7.816190e-01 6.158034e-01 1.007980e+00
1.951952e+00 8.816219e-01 7.805001e-01 6.139274e-01 1.007792e+00
1.953954e+00 8.847227e-01 7.860010e-01 6.227025e-01 1.007939e+00
1.955956e+00 8.833281e-01 7.834820e-01 6.186629e-01 1.007850e+00
1.957958e+00 8.585992e-01 7.402556e-01 5.524324e-01 1.008128e+00
1.959960e+00 8.597992e-01 7.424312e-01 5.559177e-01 1.008552e+00
1.961962e+00 8.588406e-01 7.408267e-01 5.537131e-01 1.008908e+00
1.963964e+00 8.827609e-01 7.825751e-01 6.174209e-01 1.008159e+00
1.965966e+00 8.826789e-01 7.824651e-01 6.171127e-01 1.007940e+00
1.967968e+00 8.836516e-01 7.841575e-01 6.198060e-01 1.007974e+00
1.969970e+00 8.571391e-01 7.378330e-01 5.489327e-01 1.008330e+00
1.971972e+00 8.833703e-01 7.837291e-01 6.191318e-01 1.007978e+00
1.973974e+00 8.830234e-01 7.830562e-01 6.181033e-01 1.008034e+00
1.975976e+00 8.827727e-01 7.825598e-01 6.172352e-01 1.007896e+00
1.977978e+00 8.853742e-01 7.872238e-01 6.247840e-01 1.008169e+00
1.979980e+00 8.833422e-01 7.835447e-01 6.187307e-01 1.007800e+00
1.981982e+00 8.827680e-01 7.825500e-01 6.173104e-01 1.008044e+00
1.983984e+00 8.578562e-01 7.389947e-01 5.505729e-01 1.008166e+00
1.985986e+00 8.587938e-01 7.405472e-01 5.528574e-01 1.008109e+00
1.987988e+00 8.844508e-01 7.855504e-01 6.220047e-01 1.007965e+00
1.989990e+00 8.588992e-01 7.407549e-01 5.532644e-01 1.008286e+00
1.991992e+00 8.599258e-01 7.425269e-01 5.558452e-01 1.008160e+00
1.993994e+00 8.829273e-01 7.827668e-01 6.174043e-01 1.007639e+00
1.995996e+00 8.820648e-01 7.812863e-01 6.152118e-01 1.007869e+00
1.997998e+00 8.830234e-01 7.829245e-01 6.176874e-01 1.007695e+00
2.000000e+00 8.818047e-01 7.808063e-01 6.143738e-01 1.007734e+00